21969.56672882692	750	4.0	2.7720774829579558	450283	2772.077482957956	-11.169933176719208
21972.119666461647	750	5.44706236527567	0.0	398865	2552.9376347243297	0.75
21973.86073588626	750	7.705992940661611	0.0	350812	1741.069424614059	0.75
21975.32178730041	750	10.2449415265102	0.0	382355	1461.0514141514122	0.75
21977.447932886287	1200	12.118795940635222	0.0	652874	2126.1455858749778	0.75
21979.82817029515	1200	13.73855853177371	0.0	520315	2380.23740886151	1.2
21981.419796991053	1200	16.146931835869886	0.0	561791	1591.6266959038262	1.2
21984.931966058426	1200	16.634762768496394	0.0	709534	3512.1690673734915	1.2
21988.21630629877	1200	17.350422528152567	0.0	584846	3284.3402403438263	1.2
21991.416664650376	1200	18.15006417654644	0.0	560821	3200.3583516061294	1.2
21999.798720191964	1850	13.768008634959939	0.0	939819	8382.0555415865	1.2000000000000002
22003.87712813905	1200	13.689600687868765	0.0	594078	4078.407947091172	0.5499999999999999
22010.34355937343	1200	11.22316945349336	0.0	624282	6466.4312343754045	1.2
22018.027713221905	750	7.5390156050174175	0.0	434409	7684.153848475944	0.3
22019.009932189918	300	10.556796637003593	0.0	140051	982.2189680138248	-0.15000000000000002
22019.889061782935	300	13.677667043988011	0.0	138313	879.1295930155833	0.3
22020.765421841676	300	16.801306985245283	0.0	143509	876.3600587427301	0.3
22021.551213653638	300	20.015515173282	0.0	150616	785.79181196328	0.3
22022.278662135723	300	23.288066691195922	0.0	165384	727.4484820860785	0.3
22024.8045454744	1200	24.762183352519994	0.0	586839	2525.8833386759293	0.29999999999999993
22027.360300259803	1850	26.2064285671175	0.0	891604	2555.754785402496	1.2000000000000002
22035.982695889383	1850	21.58403293753552	0.0	955231	8622.395629581975	1.85
22038.768761617666	1850	22.79796720925201	0.0	968026	2786.0657282835095	1.85
22041.244563428514	1850	24.32216539840512	0.0	874175	2475.8018108468946	1.85
22043.458980548206	1850	26.10774827871113	0.0	897976	2214.417119693986	1.85
22046.058096976696	1850	27.508631850222063	0.0	905935	2599.11642848907	1.85
22053.554026391685	2850	24.0127024352342	0.0	1547572	7495.9294149878615	1.85
22066.697069610374	2850	14.869659216543504	0.0	1141971	13143.043218690698	2.85
22080.430409982033	1200	5.136318844884612	0.0	622896	13733.340371658891	-0.44999999999999996
22082.01234958901	300	7.554379237904252	0.0	149029	1581.9396069803604	-0.6000000000000001
22083.330982209234	300	10.235746617683176	0.0	157421	1318.6326202210744	0.3
22084.39110639658	300	13.175622430341598	0.0	157488	1060.124187341579	0.3
22085.350139117945	300	16.216589708975647	0.0	143881	959.0327213659502	0.3
22086.308356309928	300	19.25837251699297	0.0	163444	958.2171919826762	0.3
22089.34599756996	1200	20.22073125696096	0.0	690253	3037.641260032011	0.29999999999999993
22091.39979082914	1200	22.16693799778544	0.0	598727	2053.7932591755202	1.2
22094.285469497197	1850	23.281259329724193	0.0	728962	2885.6786680612454	1.2000000000000002
22098.198146493756	1850	23.368582333164017	0.0	938587	3912.6769965601775	1.85
22105.027067836734	2850	20.53966099018245	0.0	1427478	6828.921342981565	1.85
22110.69774284579	2850	18.86898598112993	0.0	1402287	5670.67500905252	2.85
22116.59402792642	2850	16.972700900496452	0.0	1339500	5896.285080633479	2.85
22122.967964463456	2850	14.59876436346228	0.0	1527299	6373.936537034173	2.85
22127.506466786297	2850	14.060262040620005	0.0	1343002	4538.502322842274	2.85
22133.5104624432	2850	12.056266383719986	0.0	1587250	6003.995656900018	2.85
22140.38981353954	2850	9.176915287381846	0.0	1464921	6879.351096338141	2.85
22146.5126200744	2850	7.05410875251759	0.0	1483527	6122.806534864256	2.85
22150.657863897177	2850	6.908864929742675	0.0	1231456	4145.243822774914	2.85
22155.69419715959	2850	5.872531667328104	0.0	1364537	5036.333262414571	2.85

