3428.485123716649	750	4.0	5.8396300502769165	450283	5839.630050276916	-24.36040921619074
3430.725342092395	300	5.759781624254254	0.0	155580	2240.2183757457465	-0.15000000000000002
3432.1534339266004	300	8.331689790048644	0.0	139857	1428.0918342056093	0.3
3433.4966928240524	300	10.988430892596813	0.0	155432	1343.2588974518294	0.3
3434.929029732476	300	13.556093984173181	0.0	163442	1432.3369084236328	0.3
3436.130456909975	300	16.354666806674782	0.0	126289	1201.4271774984013	0.3
3439.4720223418726	750	17.0131013747769	0.0	352642	3341.565431897877	0.3
3443.589544263119	750	16.895579453530555	0.0	437162	4117.521921246349	0.75
3447.308123723128	750	17.17699999352089	0.0	374758	3718.5794600096656	0.75
3450.6660959760593	750	17.81902774059002	0.0	362795	3357.9722529308724	0.75
3457.1066129809315	1200	15.378510735717663	0.0	607410	6440.517004872355	0.75
3462.527938797849	1200	13.957184918800547	0.0	594078	5421.325816917117	1.2
3469.763304583382	1200	10.721819133267621	0.0	624282	7235.365785532925	1.2
3478.825616230242	1200	5.659507486407408	0.0	687371	9062.311646860213	1.2
3483.3493494532618	750	5.1357742633879	0.0	337059	4523.733223019508	0.3
3484.7578210096244	300	7.727302707025418	0.0	138313	1408.4715563624832	-0.15000000000000002
3487.640798101176	300	8.844325615473837	0.0	143509	2882.9770915515805	0.3
3489.9973463963047	300	10.487777320345023	0.0	150616	2356.548295128815	0.3
3491.488562093833	300	12.996561622816658	0.0	165384	1491.2156975283656	0.3
3493.156552645269	300	15.32857107138054	0.0	140881	1667.990551436118	0.3
3495.3228437486414	300	17.162279968008818	0.0	157671	2166.291103371723	0.3
3497.263064517482	300	19.222059199168136	0.0	157812	1940.2207688406831	0.3
3503.9205406883248	750	16.564583028325135	0.0	401853	6657.476170843	0.3
3507.3716077408317	750	17.113515975818505	0.0	343800	3451.067052506631	0.75
3509.7050220338365	750	18.780101682813406	0.0	359903	2333.414293005099	0.75
3512.6278703634584	750	19.85725335319154	0.0	379700	2922.848329621866	0.75
3515.746419814892	750	20.738703901758246	0.0	425781	3118.549451433294	0.75
3517.692891143937	750	22.792232572713306	0.0	277716	1946.471329044938	0.75
3522.0654077017175	1200	22.41971601493246	0.0	622896	4372.516557780843	0.75
3526.8891764409746	1200	21.595947275675677	0.0	641447	4823.768739256786	1.2
3533.2967484255564	1850	19.18837529109381	0.0	873429	6407.571984581868	1.2000000000000002
3541.1694214361305	1850	15.315702280519433	0.0	954453	7872.673010574375	1.85
3547.748883383829	1200	12.736240332821385	0.0	584349	6579.461947698048	0.5499999999999999
3552.5686305840845	750	11.916493132565861	0.0	412837	4819.747200255524	0.3
3556.001805690474	750	12.483318026175763	0.0	401088	3433.1751063900992	0.75
3558.340935650687	750	14.14418806596315	0.0	365161	2339.129960212613	0.75
3560.613624181593	750	15.871499535057238	0.0	321064	2272.688530905912	0.75
3565.689736266267	1200	14.795387450383023	0.0	575591	5076.112084674215	0.75
3571.420140537467	1200	13.064983179183113	0.0	605884	5730.404271199911	1.2
3577.6862803863064	1200	10.798843330343585	0.0	587506	6266.139848839529	1.2
3582.563814591271	1200	9.921309125378885	0.0	566904	4877.5342049647015	1.2
3588.862820654756	1200	7.6223030618939465	0.0	641452	6299.006063484938	1.2
3592.01866894277	750	8.466454773880093	0.0	372093	3155.8482880138517	0.3
3596.930752487091	750	7.554371229558979	0.0	438281	4912.083544321115	0.75
3602.3206499776734	750	6.164473738976603	0.0	398987	5389.897490582376	0.75
3609.485205823229	750	4.0	1.0000821065794734	393804	7164.555845556076	-3.5503530582917353
3611.630098690505	300	5.855107132724621	0.0	137507	2144.8928672753796	-0.15000000000000002
3613.0481703766022	300	8.43703544662698	0.0	118421	1418.0716860976406	0.3

