5712.884573639944	750	4.0	6.602941104200595	450283	6602.941104200595	-27.642646748062557
5714.505821808521	300	6.378751831422763	0.0	155580	1621.2481685772375	-0.15000000000000002
5716.140812602462	300	8.743761037482852	0.0	139857	1634.990793939913	0.3
5718.102751846028	300	10.78182179391646	0.0	155432	1961.9392435663906	0.3
5720.140703000596	300	12.743870639348641	0.0	163442	2037.9511545678201	0.3
5721.864056651967	300	15.020516987977592	0.0	126289	1723.353651371049	0.3
5726.808602367867	750	14.075971272077375	0.0	352642	4944.545715900215	0.3
5731.647634769097	750	13.236938870847167	0.0	437162	4839.032401230209	0.75
5734.469345900107	750	14.41522773983666	0.0	374758	2821.711131010508	0.75
5736.929256148235	750	15.955317491708957	0.0	362795	2459.9102481277014	0.75
5739.937083213756	750	16.94749042618784	0.0	353220	3007.8270655211154	0.75
5743.344365041056	750	17.540208598887133	0.0	405134	3407.2818273007074	0.75
5746.516156058653	750	18.368417581290316	0.0	386351	3171.7910175968173	0.75
5752.399514031368	1200	16.485059608575583	0.0	687371	5883.357972714732	0.75
5757.202507327965	1200	15.682066311979804	0.0	526950	4802.993296595778	1.2
5762.547215331919	1200	14.337358308026085	0.0	587876	5344.7080039537195	1.2
5767.264890922037	1200	13.619682717907367	0.0	617242	4717.67559011872	1.2
5772.489632651539	1200	12.394940988404526	0.0	581493	5224.741729502839	1.2
5777.499000892308	1200	11.385572747636864	0.0	639204	5009.368240767662	1.2
5781.853463767938	1200	11.031109872007512	0.0	586839	4354.462875629353	1.2
5787.146538286107	1200	9.73803535383865	0.0	601738	5293.07451816886	1.2
5795.938407445919	1200	4.946166194025931	0.0	616206	8791.86915981272	1.2
5797.480541323017	300	7.40403231692809	0.0	163927	1542.133877097841	-0.6000000000000001
5799.355554327519	300	9.529019312427158	0.0	137654	1875.0130045009319	0.3
5801.064945829207	300	11.819627810739028	0.0	146754	1709.3915016881283	0.3
5802.810165348543	300	14.074408291403552	0.0	153938	1745.2195193354764	0.3
5805.730008234353	300	15.154565405594017	0.0	181901	2919.8428858095335	0.3
5808.171045765796	300	16.713527874150145	0.0	111155	2441.0375314438697	0.3
5813.352776427557	750	15.531797212390458	0.0	400396	5181.730661759687	0.3
5816.112246819847	750	16.772326820100414	0.0	400508	2759.4703922900453	0.75
5819.252388077487	750	17.63218556246083	0.0	358218	3140.1412576395846	0.75
5822.831086489608	750	18.053487150339976	0.0	400322	3578.698412120853	0.75
5826.8611877499825	750	18.023385889965734	0.0	369834	4030.1012603742433	0.75
5836.3905429463575	750	12.494030693591636	0.0	412837	9529.3551963741	0.75
5843.901151138306	750	8.983422501643012	0.0	401088	7510.608191948624	0.75
5846.776123905164	300	10.108449734784514	0.0	159914	2874.9727668584974	-0.15000000000000002
5848.8808102472985	300	12.003763392650834	0.0	131610	2104.6863421336802	0.3
5850.106448001192	300	14.778125638757096	0.0	124011	1225.6377538937377	0.3
5851.415896894955	300	17.46867674499379	0.0	144254	1309.4488937633057	0.3
5854.545485198178	750	18.339088441771885	0.0	390680	3129.588303221907	0.3
5857.529201650001	750	19.35537198994805	0.0	345516	2983.7164518238346	0.75
5860.2381033080055	750	20.646470331943988	0.0	384505	2708.9016580040634	0.75
5863.002000070636	750	21.882573569312825	0.0	372093	2763.8967626311605	0.75
5866.799208412031	750	22.08536522791853	0.0	438281	3797.208341394297	0.75
5871.101404295916	1200	21.7831693440332	0.0	630203	4302.19588388533	0.75
5875.00064528083	1200	21.883928359117935	0.0	638661	3899.24098491527	1.2
5886.269059296811	2850	14.615514343137425	0.0	1231456	11268.414015980508	1.2000000000000002
5901.124459865329	2850	4.0	0.23988622538072377	1364537	14855.40056851815	1.818489230862888

