18354.034409084892	750	4.0	3.704434403261277	450283	3704.4344032612767	-15.17906793402349
18356.49227850906	750	5.542130575831285	0.0	398865	2457.869424168715	0.75
18358.459215850857	750	7.575193234035682	0.0	350812	1966.9373417956033	0.75
18360.373291180673	750	9.66111790421944	0.0	382355	1914.0753298162413	0.75
18364.1851374	1200	9.84927168489369	0.0	652874	3811.8462193257483	0.75
18367.262952378136	1200	10.771456706758938	0.0	520315	3077.814978134752	1.2
18371.043769612337	1200	10.990639472556806	0.0	561791	3780.8172342021326	1.2
18375.19517189561	1200	10.839237189283656	0.0	709534	4151.402283273151	1.2
18378.165880853638	1200	11.868528231256239	0.0	584846	2970.7089580274164	1.2
18381.63716917135	1200	12.397239913540712	0.0	560821	3471.2883177155272	1.2
18384.581595811233	1200	13.452813273660484	0.0	607410	2944.4266398802283	1.2
18387.185465155202	1200	14.848943929688758	0.0	594078	2603.8693439717263	1.2
18391.56451025807	1850	14.469898826822035	0.0	946851	4379.045102866722	1.2000000000000002
18395.76801688035	1850	14.266392204544557	0.0	1036454	4203.506622277476	1.85
18399.028260627725	1850	15.006148457168614	0.0	821631	3260.2437473759433	1.85
18402.72580348824	1850	15.308605596654145	0.0	923170	3697.5428605144702	1.85
18406.682388752903	1850	15.35202033199116	0.0	966699	3956.5852646629837	1.85
18409.6105741419	1850	16.423834942995686	0.0	885714	2928.185388995473	1.85
18413.174438656202	1850	16.859970428691987	0.0	987708	3563.8645143036997	1.85
18419.28384767349	2850	14.750561411405634	0.0	1336050	6109.409017286354	1.85
18427.107205940698	2850	10.927203144199888	0.0	1415116	7823.358267205745	2.85
18431.716781232855	1850	10.317627852041669	0.0	955231	4609.575292158219	0.8500000000000001
18437.336046198267	1850	8.69836288663212	0.0	968026	5619.2649654095485	1.85
18440.97816972998	1850	9.056239354916388	0.0	874175	3642.123531715732	1.85
18447.191063704733	1850	6.843345380166137	0.0	897976	6212.893974750251	1.85
18450.621856895687	1200	7.4125521892139306	0.0	590335	3430.7931909522067	0.5499999999999999
18454.08228952253	1200	7.952119562370939	0.0	696376	3460.4326268429913	1.2
18456.591333552216	1200	9.443075532683098	0.0	487160	2509.0440296878396	1.2
18459.769854227387	1200	10.264554857513664	0.0	622896	3178.5206751694345	1.2
18463.048223429396	1200	10.98618565550512	0.0	641447	3278.3692020085437	1.2
18466.30904238313	1200	11.7253667017723	0.0	570392	3260.8189537328194	1.2
18471.29916541947	1850	10.73524366543363	0.0	954453	4990.12303633867	1.2000000000000002
18475.719585487328	1850	10.314823597574053	0.0	885062	4420.420067859578	1.85
18479.370049887835	1850	10.664359197066169	0.0	1035329	3650.464400507884	1.85
18482.540824482756	1850	11.493584602143091	0.0	1026056	3170.7745949230784	1.85
18485.812854645843	1850	12.221554439054476	0.0	943942	3272.0301630886156	1.85
18488.74830756043	1850	13.28610152446991	0.0	728962	2935.452914584566	1.85
18491.524127427263	1850	14.51028165763658	0.0	938587	2775.819866833329	1.85
18495.37249953614	1850	14.661909548755224	0.0	908665	3848.3721088813563	1.85
18499.615109926483	1850	14.419299158416198	0.0	930577	4242.610390339028	1.85
18503.21684723527	1850	14.817561849629007	0.0	858450	3601.7373087871906	1.85
18506.71232915152	1850	15.322079933378749	0.0	1025005	3495.4819162502577	1.85
18510.128858710566	1850	15.905550374333282	0.0	886255	3416.529559045466	1.85
18517.13164881743	1850	12.90276026746616	0.0	973972	7002.7901068671235	1.85
18522.620832718647	1850	11.413576366250902	0.0	958994	5489.183901215259	1.85
18527.588269637174	1850	10.446139447725756	0.0	982064	4967.436918525146	1.85
18533.178001168293	1850	8.85640791660847	0.0	830730	5589.731531117287	1.85
18542.099886099866	1850	4.0	0.0654770149652777	846370	8921.884931573748	1.568448835649306

