25915.35767854492	750	4.0	4.722418988271614	450283	4722.418988271614	-19.55640164956794
25916.833284363194	300	6.524394181725228	0.0	155580	1475.6058182747722	-0.15000000000000002
25918.033745107652	300	9.323933437271	0.0	139857	1200.460744454228	0.3
25919.181910980333	300	12.175767564590338	0.0	155432	1148.1658726806618	0.3
25920.298905295153	300	15.058773249770114	0.0	163442	1116.9943148202246	0.3
25921.237494054953	300	18.12018448997137	0.0	126289	938.5887597987467	0.3
25924.166316572384	750	19.19136197253726	0.0	352642	2928.82251743411	0.3
25929.51377805777	1200	17.84390048714865	0.0	709534	5347.461485388608	0.75
25934.195798527664	1200	17.161880017256887	0.0	584846	4682.020469891761	1.2
25940.361531520488	1200	14.996147024434475	0.0	560821	6165.7329928224135	1.2
25947.393151426262	1200	11.96452711865942	0.0	607410	7031.619905775055	1.2
25954.47949605096	750	8.878182493959754	0.0	405134	7086.344624699667	0.3
25957.246556901013	300	10.111121643909298	0.0	160746	2767.0608500504545	-0.15000000000000002
25960.390059288737	300	10.967619256186106	0.0	179801	3143.5023877231924	0.3
25962.1024616146	300	13.255216930323572	0.0	140051	1712.402325862534	0.3
25963.4871955783	300	15.870482966623381	0.0	138313	1384.7339637001887	0.3
25964.927085288913	300	18.430593256012326	0.0	143509	1439.8897106110546	0.3
25966.274034667982	300	21.083643876940314	0.0	150616	1346.9493790720107	0.3
25969.349943589183	750	22.007734955741142	0.0	405596	3075.9089211991723	0.3
25972.539789253562	750	22.817889291363542	0.0	350713	3189.845664377599	0.75
25981.322539006538	1200	18.035139538387025	0.0	601738	8782.749752976519	0.75
25986.607649315687	750	16.75002922923586	0.0	399894	5285.110309151165	0.3
25991.64045148199	750	15.71722706293302	0.0	401853	5032.80216630284	0.75
25995.531747014316	750	15.82593153060748	0.0	343800	3891.2955323255396	0.75
25999.5088451536	750	15.848833391326982	0.0	359903	3977.098139280499	0.75
26003.830820828305	750	15.52685771662452	0.0	379700	4321.975674702463	0.75
26010.14689536409	750	13.21078318083785	0.0	425781	6316.07453578667	0.75
26014.479478174384	750	12.87820037054329	0.0	277716	4332.582810294559	0.75
26020.361846841603	750	10.995831703323441	0.0	400396	5882.36866721985	0.75
26025.892447525668	750	9.46523101925636	0.0	400508	5530.600684067082	0.75
26030.828590631587	750	8.529087913340819	0.0	358218	4936.143105915542	0.75
26036.17854208377	750	7.17913646115509	0.0	400322	5349.951452185728	0.75
26038.58151336965	300	8.776165175277267	0.0	143881	2402.9712858778234	-0.15000000000000002
26041.608544219438	300	9.749134325487965	0.0	163444	3027.030849789302	0.3
26044.957058330565	300	10.40062021435992	0.0	179328	3348.514111128044	0.3
26048.29969440285	300	11.057984142077578	0.0	159914	3342.636072282342	0.3
26051.357415090475	300	12.000263454449195	0.0	131610	3057.7206876283826	0.3
26054.87894126956	300	12.47873727536576	0.0	124011	3521.526179083435	0.3
26058.76710508741	300	12.590573457516719	0.0	144254	3888.163817849041	0.3
26060.797521178294	300	14.560157366631381	0.0	149991	2030.4160908853376	0.3
26064.10807357491	300	15.249604970018398	0.0	147968	3310.552396612985	0.3
26067.930313234792	300	15.427365310133718	0.0	161857	3822.23965988468	0.3
26071.551798982953	300	15.80587956197463	0.0	145210	3621.4857481590902	0.3
26076.176607749363	300	15.18107079556329	0.0	172312	4624.808766411338	0.3
26080.800910162	300	14.556768382922792	0.0	167025	4624.302412640498	0.3
26084.568494276646	300	14.78918426827843	0.0	160064	3767.584114644361	0.3
26090.07930974636	750	13.278368798563157	0.0	331053	5510.815469715273	0.3
26097.88778658875	1200	9.469891956176067	0.0	550906	7808.476842387091	0.75

