18933.54024812138	750	4.0	2.005422751396268	450283	2005.4227513962683	-7.873317831003952
18935.77428564389	750	5.765962477485412	0.0	398865	2234.037522514588	0.75
18937.87697442471	750	7.663273696664623	0.0	350812	2102.6887808207885	0.75
18940.087635233223	750	9.452612888153697	0.0	382355	2210.6608085109256	0.75
18942.406090967335	750	11.134157154042203	0.0	411561	2318.4557341114946	0.75
18945.19023208105	1200	12.350016040326242	0.0	520315	2784.1411137159607	0.75
18948.476656740273	1200	13.063591381102599	0.0	561791	3286.424659223643	1.2
18954.894797233414	1850	10.645450887962884	0.0	1060487	6418.140493139715	1.2000000000000002
18959.0205118019	1850	10.519736319478833	0.0	852833	4125.7145684840525	1.85
18963.127400720612	1850	10.41284740076545	0.0	913888	4106.888918713383	1.85
18967.29190347276	1850	10.24834464861813	0.0	939819	4164.50275214732	1.85
18971.669828538386	1850	9.870419582989037	0.0	917428	4377.925065629093	1.85
18976.69539067792	1850	8.84485744345433	0.0	946851	5025.562139534706	1.85
18982.659340494818	1850	6.880907626558173	0.0	1036454	5963.949816896156	1.85
18987.80955574936	1850	5.730692372016614	0.0	821631	5150.215254541559	1.85
18990.946972697227	1200	6.593275424147288	0.0	587876	3137.416947869326	0.5499999999999999
18994.970510955758	1200	6.5697371656159955	0.0	617242	4023.5382585312923	1.2
18999.886007854784	1200	5.6542402665886895	0.0	581493	4915.496899027306	1.2
19008.829976075605	1200	4.0	3.289727954230844	639204	8943.968220819534	-12.94583020319263
19010.786776535977	300	6.043199539626567	0.0	140881	1956.8004603734335	-0.6000000000000001
19013.19741133373	300	7.6325647418719305	0.0	157671	2410.6347977546357	0.3
19015.654141241885	300	9.175834833720211	0.0	157812	2456.7299081517185	0.3
19017.267063652755	300	11.56291242285348	0.0	163927	1612.9224108667343	0.3
19018.35548823657	300	14.474487839035104	0.0	137654	1088.424583818375	0.3
19019.585183654654	300	17.244792420952237	0.0	146754	1229.695418082869	0.3
19020.961063152612	300	19.86891292299737	0.0	153938	1375.8794979548647	0.3
19024.386667218583	750	20.443308857023787	0.0	425781	3425.6040659735827	0.3
19026.621529175885	750	22.20844689972181	0.0	277716	2234.86195730198	0.75
19033.799258580286	1200	19.030717495319177	0.0	622896	7177.729404402636	0.75
19040.39863551269	1200	16.431340562912688	0.0	641447	6599.376932406489	1.2
19045.566316731325	1200	15.263659344277382	0.0	570392	5167.681218635304	1.2
19051.52097214072	1200	13.309003934884753	0.0	620283	5954.655409392631	1.2
19059.896501682008	1200	8.933474393597708	0.0	584349	8375.529541287046	1.2
19067.941893785784	750	4.888082289818884	0.0	412837	8045.392103778823	0.3
19072.43220025098	300	4.397775824623516	0.0	179328	4490.306465195368	-0.15000000000000002
19076.0046238283	300	4.825352247303084	0.0	159914	3572.4235773204314	0.3
19077.376925503493	300	7.453050572110213	0.0	131610	1372.301675192872	0.3
19078.4957234082	300	10.334252667404405	0.0	124011	1118.7979047058068	0.3
19079.657526336392	300	13.172449739213025	0.0	144254	1161.8029281913807	0.3
19080.84186335801	300	15.988112717592251	0.0	149991	1184.3370216207725	0.3
19082.02801552184	300	18.801960553762843	0.0	147968	1186.1521638294114	0.3
19083.37447957333	300	21.45549650227513	0.0	161857	1346.4640514877146	0.3
19085.988616263392	750	22.84135981220845	0.0	372093	2614.1366900666812	0.3
19089.30638236011	750	23.52359371549139	0.0	438281	3317.7660967170546	0.75
19094.914106300756	1200	21.9158697748455	0.0	630203	5607.723940645891	0.75
19100.160190359034	1200	20.669785716569123	0.0	638661	5246.0840582763785	1.2
19111.294712674437	2850	13.535263401167851	0.0	1231456	11134.522315401273	1.2000000000000002
19127.19458278598	2850	4.0	2.3646067103800235	1364537	15899.870111547874	-7.317808854634102

