16076.770189366965	750	4.0	1.5823407749373364	450283	1582.3407749373364	-6.054065332230546
16079.338622333567	1200	5.431567033397465	0.0	611087	2568.4329666025355	0.75
16081.515878898865	1200	7.254310468100695	0.0	571051	2177.25656529677	1.2
16083.828590464287	1200	8.94159890267915	0.0	617681	2312.7115654215454	1.2
16086.551874991248	1200	10.218314375718672	0.0	652874	2723.2845269604786	1.2
16089.859655731405	1850	10.91053363556218	0.0	801058	3307.780740156492	1.2000000000000002
16093.473907278012	1850	11.296282088953273	0.0	905515	3614.2515466089085	1.85
16097.47879326205	1850	11.291396104915453	0.0	1060487	4004.885984037818	1.85
16102.945435275233	2850	9.824754091732864	0.0	1348011	5466.642013182589	1.85
16109.380193863275	2850	7.389995503690662	0.0	1429765	6434.758588042202	2.85
16113.349836824567	1850	7.4203525423967305	0.0	939819	3969.642961293932	0.8500000000000001
16117.69611085468	1850	7.074078512284584	0.0	917428	4346.274030112147	1.85
16121.613645634281	1850	7.156543732684424	0.0	946851	3917.5347796001597	1.85
16125.629657040457	1850	7.140532326507029	0.0	1036454	4016.011406177395	1.85
16129.939993923354	1850	6.8301954436115055	0.0	821631	4310.336882895524	1.85
16136.214629768972	1850	4.55555959799196	0.0	923170	6274.635845619546	1.85
16139.203416635539	1200	5.566772731426268	0.0	617242	2988.7868665656915	0.5499999999999999
16141.833673672678	1200	6.936515694287726	0.0	581493	2630.2570371385423	1.2
16145.620827363631	1200	7.149362003335397	0.0	639204	3787.1536909523284	1.2
16150.257619493144	1200	6.512569873821874	0.0	586839	4636.792129513524	1.2
16155.258897231786	1200	5.511292135179339	0.0	601738	5001.277738642534	1.2
16158.628608075596	750	6.14158129136862	0.0	399894	3369.7108438107184	0.3
16163.123994475329	750	5.646194891635407	0.0	401853	4495.386399733214	0.75
16165.604194561603	750	7.165994805361948	0.0	343800	2480.2000862734585	0.75
16168.566398749683	750	8.203790617282129	0.0	359903	2962.2041880798183	0.75
16171.661330905146	750	9.108858461817722	0.0	379700	3094.9321554644084	0.75
16174.6239207924	750	10.146268574563905	0.0	425781	2962.589887253817	0.75
16177.611805791297	750	11.158383575667012	0.0	277716	2987.8849988968923	0.75
16185.757231288406	750	7.012958078559525	0.0	400396	8145.425497107487	0.75
16188.420632889294	300	8.34955647766927	0.0	149029	2663.4016008902554	-0.15000000000000002
16190.426583510914	300	10.343605856049455	0.0	157421	2005.9506216198151	0.3
16192.103262728202	300	12.666926638762572	0.0	157488	1676.6792172868836	0.3
16193.61529981994	300	15.154889547024442	0.0	143881	1512.0370917381301	0.3
16195.263902429362	300	17.506286937601363	0.0	163444	1648.6026094230801	0.3
16197.23271382726	300	19.537475539704786	0.0	179328	1968.811397896577	0.3
16202.294939124042	750	18.475250242922368	0.0	365161	5062.225296782415	0.3
16204.77966843903	750	19.99052092793348	0.0	321064	2484.729314988887	0.75
16207.147156261773	750	21.623033105190515	0.0	361565	2367.4878227429645	0.75
16209.17632126161	750	23.59386810535618	0.0	378327	2029.1649998343378	0.75
16211.44368215906	750	25.32650720790506	0.0	390680	2267.36089745112	0.75
16213.897619502903	750	26.872569864063976	0.0	345516	2453.9373438410857	0.75
16219.153459253313	1200	25.616730113653073	0.0	641452	5255.839750410902	0.75
16223.44662830947	1200	25.323561057495898	0.0	599477	4293.169056157174	1.2
16228.776087531127	1850	23.99410183583798	0.0	973972	5329.459221657919	1.2000000000000002
16235.030841729194	1850	21.739347637770347	0.0	958994	6254.754198067631	1.85
16241.045619557253	1850	19.724569809710026	0.0	982064	6014.777828060322	1.85
16248.759652933866	2850	16.01053643309877	0.0	1231456	7714.0333766112535	1.85
16259.256083987919	2850	9.514105379044457	0.0	1364537	10496.431054054316	2.85

