13842.767686603205	750	4.0	3.0006457348380566	450283	3000.645734838057	-12.152776659803642
13845.443425126376	750	5.324261476829477	0.0	398865	2675.7385231705234	0.75
13847.802877300312	750	6.964809302894167	0.0	350812	2359.4521739353095	0.75
13851.375302009073	750	7.3923845941304265	0.0	382355	3572.424708763741	0.75
13856.114062204713	750	6.653624398490625	0.0	411561	4738.760195639801	0.75
13859.005127490398	750	7.762559112805185	0.0	318564	2891.06528568544	0.75
13861.214135131657	750	9.55355147154612	0.0	352642	2209.007641259066	0.75
13864.079053929596	750	10.688632673607376	0.0	437162	2864.918797938743	0.75
13867.136445579245	750	11.631241023958323	0.0	374758	3057.3916496490547	0.75
13870.004818840329	750	12.76286776287388	0.0	362795	2868.373261084444	0.75
13873.371951796944	750	13.395734806259457	0.0	353220	3367.1329566144223	0.75
13875.955579331488	750	14.812107271712662	0.0	405134	2583.6275345467943	0.75
13878.824800525203	1200	15.942886077999304	0.0	624282	2869.221193713359	0.75
13881.883046090938	1200	16.884640512265324	0.0	687371	3058.245565733981	1.2
13884.068886256622	1200	18.698800346582257	0.0	526950	2185.840165683069	1.2
13886.90898704932	1200	19.858699553884268	0.0	587876	2840.1007926979896	1.2
13890.83833847826	1850	19.92934812494536	0.0	966699	3929.3514289389072	1.2000000000000002
13895.842009092374	1850	18.925677510831992	0.0	885714	5003.670614113368	1.85
13902.081971775644	1850	16.685714827562	0.0	987708	6239.962683269992	1.85
13910.376832521373	1850	12.390854081832632	0.0	923755	8294.860745729366	1.85
13915.980406997127	1200	10.78727960607844	0.0	601738	5603.5744757541925	0.5499999999999999
13919.408254328851	1200	11.35943227435586	0.0	616206	3427.8473317225794	1.2
13922.660975259809	1200	12.106711343398525	0.0	656471	3252.720930957335	1.2
13925.394439532636	1200	13.373247070571908	0.0	536667	2733.4642728266167	1.2
13928.628069048546	1200	14.139617554661495	0.0	587236	3233.6295159104134	1.2
13931.621268074095	1200	15.14641852911327	0.0	590335	2993.1990255482247	1.2
13937.657666251256	1850	13.110020351951237	0.0	1076599	6036.398177162034	1.2000000000000002
13941.575212601096	1850	13.192474002113286	0.0	758197	3917.54634983795	1.85
13946.163269279805	1850	12.604417323405412	0.0	972798	4588.056678707873	1.85
13953.092561424228	1850	9.675125178981537	0.0	975811	6929.2921444238755	1.85
13957.546852743719	1200	9.220833859489481	0.0	570392	4454.291319492055	0.5499999999999999
13964.082413057306	1200	6.68527354590245	0.0	620283	6535.5603135870315	1.2
13965.503053625893	750	9.264632977314431	0.0	369834	1420.640568588017	0.3
13967.880243697133	750	10.887442906074469	0.0	412837	2377.190071239963	0.75
13970.159955810295	750	12.607730792912509	0.0	401088	2279.7121131619606	0.75
13972.17557096805	750	14.592115635158784	0.0	365161	2015.6151577537253	0.75
13973.750831471974	750	17.016855131233882	0.0	321064	1575.2605039249027	0.75
13976.409721377962	1200	18.35796522524522	0.0	575591	2658.8899059886594	0.75
13980.785832945654	1850	17.981853657553607	0.0	908665	4376.111567691618	1.2000000000000002
13990.26883351634	1850	12.498853086867047	0.0	930577	9483.000570686558	1.85
13998.209643075998	1200	8.558043527209884	0.0	566904	7940.809559657165	0.5499999999999999
14000.544242396241	750	10.223444206966407	0.0	384505	2334.599320243477	0.3
14002.408611906254	750	12.3590746969533	0.0	372093	1864.3695100131085	0.75
14004.537170289732	750	14.23051631347512	0.0	438281	2128.5583834781787	0.75
14006.412170973344	750	16.355515629864637	0.0	398987	1875.0006836104833	0.75
14009.112779127297	1200	17.654907475909873	0.0	638661	2700.6081539547645	0.75
14018.288224386493	2850	12.47946221671534	0.0	1231456	9175.445259194532	1.2000000000000002
14029.967355186187	2850	4.800331417021669	0.0	1364537	11679.130799693672	2.85

