15903.1345065914	750	4.0	1.7041197936685797	450283	1704.1197936685796	-6.577715112774892
15904.975014635147	750	6.159491956252071	0.0	398865	1840.5080437479282	0.75
15907.511388529874	1200	7.623118061525689	0.0	571051	2536.3738947263832	0.75
15910.659333990237	1200	8.475172601162656	0.0	617681	3147.9454603630334	1.2
15913.270916005737	1200	9.863590585662829	0.0	652874	2611.582015499827	1.2
15916.498538985838	1850	10.635967605562156	0.0	801058	3227.622980100671	1.2000000000000002
15920.437268034042	1850	10.697238557356398	0.0	905515	3938.729048205758	1.85
15924.833695619856	1850	10.300810971543099	0.0	1060487	4396.4275858133005	1.85
15929.137575641345	1850	9.996930950055619	0.0	852833	4303.880021487479	1.85
15933.79469491142	1850	9.339811679982569	0.0	913888	4657.119270073049	1.85
15937.494735208338	1850	9.639771383063799	0.0	939819	3700.0402969187703	1.85
15940.38985636972	1850	10.74465022168027	0.0	917428	2895.1211613835276	1.85
15943.184806319194	1850	11.949700272206806	0.0	946851	2794.9499494734637	1.85
15946.56115282458	1850	12.573353766819192	0.0	1036454	3376.3465053876143	1.85
15949.40987858289	1850	13.724628008511264	0.0	821631	2848.725758307929	1.85
15953.97346278145	1850	13.161043809950467	0.0	923170	4563.584198560797	1.85
15957.667336412365	1850	13.46717017903478	0.0	966699	3693.8736309156866	1.85
15960.803965492509	1850	14.330541098889332	0.0	885714	3136.6290801454466	1.85
15964.29391360439	1850	14.840592987009677	0.0	987708	3489.948111879655	1.85
15968.00619068562	1850	15.12831590577811	0.0	923755	3712.2770812315675	1.85
15971.96924664054	1850	15.165259950860719	0.0	891604	3963.055954917391	1.85
15976.854544585756	2850	14.279962005641758	0.0	1468126	4885.297945218958	1.85
15981.606794397405	2850	13.527712193994098	0.0	1505760	4752.249811647661	2.85
15987.49680785449	2850	11.63769873690732	0.0	1323990	5890.013457086779	2.85
15995.6601546075	2850	7.474351983898247	0.0	1383735	8163.346753009073	2.85
16002.024063589966	1850	5.110443001430734	0.0	905935	6363.908982467513	0.8500000000000001
16008.225639246617	1200	4.0	1.0911326552193905	696376	6201.575656650124	-4.141870417443379
16009.473006671573	300	6.7526325750442036	0.0	111155	1247.367424955796	-0.6000000000000001
16011.09597117194	300	9.129668074675987	0.0	153605	1622.964500368217	0.3
16012.587891723833	300	11.637747522782593	0.0	149029	1491.9205518933932	0.3
16014.042860512998	300	14.18277873361938	0.0	157421	1454.968789163212	0.3
16015.438169337236	300	16.78746990938168	0.0	157488	1395.3088242376998	0.3
16016.49718748584	300	19.728451760777595	0.0	143881	1059.018148604086	0.3
16018.633256770892	750	21.592382475725028	0.0	412837	2136.069285052566	0.3
16022.696123690763	1200	21.5295155558529	0.0	690253	4062.866919872131	0.75
16025.50389771173	1200	22.721741534886952	0.0	598727	2807.7740209659482	1.2
16027.924684151809	1200	24.300955094806003	0.0	487812	2420.7864400809494	1.2
16039.574701459022	1850	16.65093778759278	0.0	938587	11650.01730721322	1.2000000000000002
16044.08513246401	1200	16.14050678260526	0.0	605884	4510.43100498752	0.5499999999999999
16047.08719785241	750	17.138441394205188	0.0	390680	3002.0653884000753	0.3
16049.47346607238	750	18.752173174234173	0.0	345516	2386.2682199710166	0.75
16051.46010922022	750	20.765530026395194	0.0	384505	1986.6431478389793	0.75
16052.8538505763	750	23.371788670314263	0.0	372093	1393.7413560809298	0.75
16054.881760350578	1200	25.34387889603673	0.0	634861	2027.9097742775323	0.75
16058.266153953015	1850	25.959485293599847	0.0	958994	3384.3936024368854	1.2000000000000002
16062.82026871255	2850	25.405370534063035	0.0	1483527	4554.114759536808	1.85
16067.684136600648	4300	24.54150264596354	0.0	1961140	4863.867888099495	2.8499999999999996
16075.187848592028	4300	21.03779065458513	0.0	2155012	7503.711991378412	4.3

