9871.08528170609	750	4.0	1.6438931885945212	450283	1643.8931885945212	-6.31874071095644
9872.796206441293	750	6.289075264795886	0.0	398865	1710.924735204114	0.75
9875.485232525036	1200	7.600049181052485	0.0	571051	2689.0260837434007	0.75
9878.325807747611	1200	8.759473958476752	0.0	617681	2840.5752225757337	1.2
9882.457573939355	1200	8.627707766733339	0.0	652874	4131.7661917434125	1.2
9884.867588533223	1200	10.217693172865147	0.0	520315	2410.014593868193	1.2
9887.200832454844	1200	11.884449251243566	0.0	561791	2333.2439216215807	1.2
9890.322846605188	1200	12.762435100899394	0.0	709534	3122.014150344171	1.2
9892.551473567371	1200	14.533808138715012	0.0	584846	2228.6269621843826	1.2
9894.948528468618	1200	16.13675323746843	0.0	560821	2397.054901246583	1.2
9898.880033985712	1850	16.20524772037436	0.0	939819	3931.5055170940705	1.2000000000000002
9904.753117576878	1850	14.332164129207051	0.0	917428	5873.0835911673075	1.85
9910.815254420439	1850	12.270027285647348	0.0	946851	6062.136843559703	1.85
9917.474044586064	1850	9.61123712002234	0.0	1036454	6658.790165625009	1.85
9921.059393082853	1200	10.025888623232824	0.0	526950	3585.348496789515	0.5499999999999999
9926.258654092482	1200	8.82662761360509	0.0	587876	5199.261009627733	1.2
9931.774290363552	1200	7.310991342535247	0.0	617242	5515.636271069844	1.2
9935.646552771192	750	7.438728934894508	0.0	372963	3872.262407640739	0.3
9938.001505815586	750	9.083775890500402	0.0	405596	2354.9530443941067	0.75
9940.017546728455	750	11.067734977631575	0.0	350713	2016.0409128688266	0.75
9941.646436444771	750	13.438845261315901	0.0	386472	1628.8897163156746	0.75
9943.091173399418	750	15.994108306667876	0.0	399894	1444.7369546480234	0.75
9945.116259067305	1200	17.969022638782757	0.0	656471	2025.085667885119	0.75
9949.632125618045	1850	17.453156088041954	0.0	874175	4515.866550740804	1.2000000000000002
9955.709912549813	1850	15.37536915627377	0.0	897976	6077.786931768183	1.85
9960.042549323605	1850	15.04273238248326	0.0	905935	4332.63677379051	1.85
9963.446498509467	1850	15.638783196621427	0.0	1076599	3403.949185861833	1.85
9966.484005184348	1850	16.601276521740356	0.0	758197	3037.5066748810686	1.85
9970.585963788451	1850	16.499317917636066	0.0	972798	4101.958604104293	1.85
9974.199950116617	1850	16.885331589470162	0.0	975811	3613.9863281659023	1.85
9977.397984141375	1850	17.687297564714378	0.0	873429	3198.0340247557856	1.85
9979.913487416057	1850	19.171794290032178	0.0	954453	2515.503274682195	1.85
9984.102512263127	2850	18.982769442961814	0.0	1358081	4189.024847070368	1.85
9988.965545209747	2850	18.119736496341698	0.0	1587293	4863.032946620115	2.85
9993.712925987465	2850	17.372355718623695	0.0	1492672	4747.3807777180045	2.85
10000.402868166779	2850	14.682413539310124	0.0	1439896	6689.94217931357	2.85
10009.487784372584	2850	9.597497333503345	0.0	1139291	9084.91620580678	2.85
10023.586851190908	1200	4.0	4.501569484820297	575591	14099.066818323641	-19.806748784727276
10029.405650470086	300	4.0	1.8187992791784582	144254	5818.799279178458	-8.42083690046737
10035.725335689589	300	4.0	2.3196852195033753	149991	6319.685219503375	-9.674646443864512
10042.082857911997	300	4.0	2.357522222407003	147968	6357.522222407003	-9.837345556350112
10048.965624701157	300	4.0	2.882766789159815	161857	6882.766789159815	-12.095897193387204
10054.708924110846	300	4.0	1.7432994096888679	145210	5743.299409688868	-7.196187461662132
10061.606079512434	300	4.0	2.8971554015881966	172312	6897.155401588197	-12.157768226829244
10067.245425551233	300	4.0	1.6393460388006598	167025	5639.34603880066	-6.749187966842837
10073.771351687108	300	4.0	2.525926135873793	160064	6525.926135873793	-10.56148238425731
10079.4167646042	300	4.0	1.6454129170915777	137507	5645.412917091578	-6.775275543493784
10083.539468350993	300	4.0	0.12270374679292399	118421	4122.703746792924	-0.22762611120957316

