6488.27888616398	750	4.0	3.7572090788844412	450283	3757.209078884441	-15.405999039203095
6489.509620777905	300	6.76926538607515	0.0	155580	1230.7346139248493	-0.15000000000000002
6490.5749358059	300	9.703950358079696	0.0	139857	1065.3150279954539	0.3
6491.856665767221	300	12.422220396759094	0.0	155432	1281.729961320603	0.3
6497.189709684441	750	11.089176479538525	0.0	411561	5333.04391722057	0.3
6501.75940484764	750	10.519481316339935	0.0	318564	4569.69516319859	0.75
6504.355662370076	750	11.923223793903917	0.0	352642	2596.257522436017	0.75
6507.953693764574	750	12.325192399405104	0.0	437162	3598.031394498812	0.75
6513.606982285407	750	10.671903878572438	0.0	374758	5653.288520832666	0.75
6516.713596301431	750	11.565289862549054	0.0	362795	3106.614016023384	0.75
6520.049511893951	750	12.229374270029298	0.0	353220	3335.9155925197556	0.75
6528.400479567335	750	7.878406596645096	0.0	405134	8350.967673384202	0.75
6531.691139143884	300	8.58774702009597	0.0	160746	3290.6595765491265	-0.15000000000000002
6537.096667255388	300	7.182218908592755	0.0	179801	5405.528111503214	0.3
6541.065145246787	300	7.213740917193643	0.0	140051	3968.4779913991115	0.3
6544.294540884389	300	7.984345279592468	0.0	138313	3229.395637601176	0.3
6547.261771939672	300	9.017114224308303	0.0	143509	2967.231055284164	0.3
6551.61605075045	300	8.66283541353042	0.0	150616	4354.278810777883	0.3
6557.329123499623	300	6.949762664357005	0.0	165384	5713.072749173415	0.3
6562.455094957699	300	5.823791206281749	0.0	140881	5125.971458075256	0.3
6567.768814918646	300	4.510071245335522	0.0	157671	5313.719960946227	0.3
6571.875328903778	300	4.40355726020362	0.0	157812	4106.513985131902	0.3
6575.193312334089	300	5.085573829892888	0.0	163927	3317.9834303107323	0.3
6578.090399938314	300	6.1884862256679884	0.0	137654	2897.0876042248997	0.3
6580.215345573885	300	8.063540590095627	0.0	146754	2124.9456355723605	0.3
6582.20452828298	300	10.074357881000672	0.0	153938	1989.1827090949555	0.3
6585.5187830384	300	10.7601031255813	0.0	181901	3314.2547554193716	0.3
6588.3274700682105	300	11.95141609577048	0.0	111155	2808.687029810823	0.3
6590.977271944191	300	13.301614219791166	0.0	153605	2649.8018759793144	0.3
6594.885879695583	300	13.393006468398308	0.0	149029	3908.6077513928562	0.3
6599.78881658966	300	12.49006957432126	0.0	157421	4902.936894077049	0.3
6604.685786843473	300	11.593099320508331	0.0	157488	4896.970253812927	0.3
6609.831569607216	300	10.447316556765541	0.0	143881	5145.782763742792	0.3
6615.24314422684	300	9.035741937141433	0.0	163444	5411.574619624109	0.3
6619.902359901591	300	8.376526262389579	0.0	179328	4659.215674751855	0.3
6625.521302037588	300	6.757584126393623	0.0	159914	5618.942135995954	0.3
6630.366872411556	300	5.91201375242571	0.0	131610	4845.570373967914	0.3
6634.27477065316	300	6.004115510820672	0.0	124011	3907.898241605039	0.3
6637.887724896318	300	6.3911612676630405	0.0	144254	3612.954243157631	0.3
6640.475641068106	300	7.803245095875816	0.0	149991	2587.9161717872234	0.3
6641.959594353311	300	10.319291810669808	0.0	147968	1483.953285206008	0.3
6643.521302807839	300	12.75758335614307	0.0	161857	1561.708454526738	0.3
6644.782057073621	300	15.496829090360228	0.0	145210	1260.7542657828417	0.3
6646.069595844369	300	18.209290319612165	0.0	172312	1287.5387707480622	0.3
6648.883160771959	750	19.39572539202208	0.0	398987	2813.5649275900873	0.3
6651.483109298538	750	20.79577686544414	0.0	393804	2599.94852657794	0.75
6656.779629396007	1850	19.499256767974412	0.0	830730	5296.520097469726	0.75
6665.850940353436	2850	14.427945810545088	0.0	1364537	9071.310957429325	1.85

