10277.513564870957	750	4.0	7.229722006325715	450283	7229.722006325715	-30.337804627200573
10279.996132837703	300	5.517432033254713	0.0	155580	2482.567966745287	-0.15000000000000002
10282.246810813707	300	7.266754057251941	0.0	139857	2250.6779760027725	0.3
10285.530625417785	300	7.982939453173061	0.0	155432	3283.8146040788806	0.3
10289.431567917612	300	8.081996953345817	0.0	163442	3900.9424998272434	0.3
10292.248353068822	300	9.265211802135669	0.0	126289	2816.785151210147	0.3
10295.495550267342	300	10.018014603615459	0.0	153295	3247.1971985202117	0.3
10298.057257071365	300	11.456307799592997	0.0	173849	2561.706804022462	0.3
10299.981137692583	300	13.532427178375375	0.0	150710	1923.8806212176214	0.3
10301.777259862318	300	15.736305008638867	0.0	139105	1796.1221697365083	0.3
10303.627493167989	300	17.88607170296915	0.0	141840	1850.2333056697157	0.3
10305.22573198764	300	20.287832883318192	0.0	156148	1598.2388196509605	0.3
10308.189095312579	750	21.32446955838014	0.0	386351	2963.3633249380505	0.3
10311.473017513983	750	22.04054735697608	0.0	434409	3283.922201404062	0.75
10315.229944314637	750	22.283620556322344	0.0	337059	3756.926800653735	0.75
10318.958711040912	750	22.554853830045516	0.0	366214	3728.766726276831	0.75
10321.62929689539	750	23.88426797557013	0.0	360831	2670.5858544753864	0.75
10326.713000248354	1200	22.800564622605087	0.0	581493	5083.703352965041	0.75
10334.485682146957	1200	19.027882724002183	0.0	639204	7772.681898602907	1.2
10344.22081650181	1200	13.29274836915095	0.0	586839	9735.134354851232	1.2
10350.226610328413	750	11.28695454254723	0.0	386472	6005.79382660372	0.3
10353.376794563083	750	12.136770307878434	0.0	399894	3150.184234668796	0.75
10358.416336358343	750	11.097228512619505	0.0	401853	5039.541795258929	0.75
10364.464866269744	750	9.048698601219494	0.0	343800	6048.529911400012	0.75
10368.840926770257	300	8.672638100704829	0.0	146754	4376.060500514665	-0.15000000000000002
10372.035023521821	300	9.47854134913997	0.0	153938	3194.096751564859	0.3
10374.508960843477	300	11.004604027483598	0.0	181901	2473.9373216563718	0.3
10376.245616076962	300	13.267948794000306	0.0	111155	1736.6552334832925	0.3
10378.989179323673	300	14.524385547288718	0.0	153605	2743.563246711589	0.3
10381.127094491016	300	16.386470379946243	0.0	149029	2137.915167342475	0.3
10382.775902372783	300	18.73766249817887	0.0	157421	1648.807881767375	0.3
10384.329904172097	300	21.18366069886506	0.0	157488	1554.0017993138108	0.3
10385.72684252348	300	23.786722347481497	0.0	143881	1396.9383513835628	0.3
10389.684436207308	750	23.829128663653606	0.0	412837	3957.5936838278894	0.3
10394.551597888638	750	22.961966982323478	0.0	401088	4867.161681330129	0.75
10398.177615830191	750	23.335949040769528	0.0	365161	3626.0179415539505	0.75
10400.733212987996	750	24.780351882963004	0.0	321064	2555.5971578065214	0.75
10408.839880349085	1200	20.67368452187418	0.0	575591	8106.667361088823	0.75
10420.347231993033	1200	13.166332877927058	0.0	605884	11507.351643947122	1.2
10430.467805790875	1200	7.045759080084985	0.0	587506	10120.573797842073	1.2
10432.37039353293	300	9.143171338029246	0.0	147968	1902.58774205574	-0.6000000000000001
10434.441127243048	300	11.072437627910693	0.0	161857	2070.733710118553	0.3
10435.933015061024	300	13.580549809933414	0.0	145210	1491.8878179772776	0.3
10437.406764321511	300	16.106800549445783	0.0	172312	1473.749260487632	0.3
10440.341774854003	750	17.171790016955782	0.0	398987	2935.0105324900005	0.3
10446.576817774707	1200	14.936747096251686	0.0	638661	6235.042920704098	0.75
10451.279571888414	1200	14.233992982546017	0.0	538612	4702.75411370567	1.2
10465.15279766093	2850	4.360767210029355	0.0	1364537	13873.225772516662	1.2000000000000002

