3997.121021179603	750	4.0	4.146410706663652	450283	4146.4107066636525	-17.079566038653706
3998.2413236817583	300	6.879697497844862	0.0	155580	1120.3025021551377	-0.15000000000000002
3999.2702668433803	300	9.850754336222511	0.0	139857	1028.9431616223508	0.3
4000.3912122530696	300	12.729808926533472	0.0	155432	1120.945409689039	0.3
4001.5522472136413	300	15.568773965961913	0.0	163442	1161.0349605715603	0.3
4002.453012446529	300	18.66800873307405	0.0	126289	900.7652328878654	0.3
4003.5696917909468	300	21.551329388656537	0.0	153295	1116.6793444175119	0.3
4011.77938521493	1850	17.341635964673337	0.0	1060487	8209.6934239832	0.30000000000000004
4024.177896739749	1850	8.943124439853985	0.0	852833	12398.51152481935	1.85
4031.1622992950856	750	5.958721884517864	0.0	362795	6984.402555336122	-0.3500000000000001
4033.195037644681	300	7.925983534922152	0.0	141840	2032.738349595712	-0.15000000000000002
4036.0075031783044	300	9.113518001298484	0.0	156148	2812.465533623668	0.3
4037.9173838752763	300	11.203637304326666	0.0	160746	1909.88069697182	0.3
4039.5423047105082	300	13.578716469094799	0.0	179801	1624.9208352318658	0.3
4040.836009267697	300	16.285011911905887	0.0	140051	1293.7045571889128	0.3
4042.1662658407845	300	18.954755338818476	0.0	138313	1330.2565730874119	0.3
4045.455338198102	750	19.66568298150167	0.0	360831	3289.072357316804	0.3
4048.789119348781	750	20.331901830822368	0.0	372963	3333.781150679306	0.75
4053.8075297883	750	19.313491391303344	0.0	405596	5018.410439519024	0.75
4060.430789165072	750	16.69023201453132	0.0	350713	6623.259376772028	0.75
4065.655902952366	750	15.465118227237408	0.0	386472	5225.113787293909	0.75
4070.629099841377	750	14.491921338226827	0.0	399894	4973.196889010581	0.75
4076.8744992584393	750	12.246521921163959	0.0	401853	6245.3994170628675	0.75
4081.6299485287254	750	11.491072650877978	0.0	343800	4755.449270285981	0.75
4083.8634123152556	300	13.257608864347949	0.0	146754	2233.46378653003	-0.15000000000000002
4087.653409526595	300	13.467611653007888	0.0	153938	3789.997211340062	0.3
4093.442066175137	300	11.678955004466735	0.0	181901	5788.656648541152	0.3
4096.48991539237	300	12.631105787234075	0.0	111155	3047.849217232658	0.3
4099.667486045249	300	13.453535134355002	0.0	153605	3177.5706528790724	0.3
4101.336715526629	300	15.784305652975087	0.0	149029	1669.229481379917	0.3
4103.240024367716	300	17.880996811887808	0.0	157421	1903.3088410872756	0.3
4105.409988580379	300	19.711032599224122	0.0	157488	2169.964212663686	0.3
4107.342121860437	300	21.778899319165635	0.0	143881	1932.1332800584908	0.3
4109.153505243615	300	23.967515935988285	0.0	163444	1811.3833831773477	0.3
4114.259302090768	750	22.86171908883544	0.0	401088	5105.7968471528475	0.3
4118.016770801869	750	23.10425037773414	0.0	365161	3757.468711101296	0.75
4121.550148741092	750	23.570872438511223	0.0	321064	3533.3779392229208	0.75
4126.147913982867	750	22.97310719673668	0.0	361565	4597.76524177454	0.75
4130.992277544246	750	22.128743635357903	0.0	378327	4844.363561378779	0.75
4136.125351764961	750	20.9956694146423	0.0	390680	5133.0742207156045	0.75
4141.275302170493	750	19.84571900911077	0.0	345516	5149.950405531528	0.75
4145.358996394017	750	19.762024785586952	0.0	384505	4083.694223523815	0.75
4149.076191948195	750	20.04482923140821	0.0	372093	3717.195554178743	0.75
4151.970060658819	750	21.150960520784075	0.0	438281	2893.868710624135	0.75
4155.24409280085	750	21.876928378753416	0.0	398987	3274.0321420306614	0.75
4160.527915496998	1200	20.59310568260521	0.0	638661	5283.822696148209	0.75
4167.295853395304	1850	17.82516778429877	0.0	830730	6767.937898306437	1.2000000000000002
4179.710103510074	2850	9.410917669529038	0.0	1364537	12414.250114769733	1.85

