8553.96295235971	750	4.0	6.6911010369313795	450283	6691.10103693138	-28.021734458804932
8555.802014880015	300	6.160937479695716	0.0	155580	1839.0625203042848	-0.15000000000000002
8557.171036401354	300	8.791915958355675	0.0	139857	1369.0215213400395	0.3
8558.417795731346	300	11.545156628364916	0.0	155432	1246.7593299907599	0.3
8559.593718072269	300	14.369234287440888	0.0	163442	1175.9223409240274	0.3
8560.57459272614	300	17.38835963357115	0.0	126289	980.8746538697418	0.3
8564.573649944936	750	17.389302414775642	0.0	352642	3999.0572187955077	0.3
8570.818969578067	750	15.143982781642888	0.0	437162	6245.319633132752	0.75
8580.352293305741	750	9.610659053967925	0.0	374758	9533.323727674962	0.75
8584.674886578043	300	9.288065781667662	0.0	139105	4322.593272300263	-0.15000000000000002
8589.583898663392	300	8.37905369631746	0.0	141840	4909.0120853502	0.3
8594.508095724492	300	7.454856635218785	0.0	156148	4924.1970610986755	0.3
8598.858000959966	300	7.104951399744548	0.0	160746	4349.905235474236	0.3
8603.565499285634	300	6.397453074076001	0.0	179801	4707.498325668547	0.3
8606.465249882045	300	7.497702477666949	0.0	140051	2899.7505964090524	0.3
8608.8118579133	300	9.15109444641102	0.0	138313	2346.6080312559284	0.3
8611.191138180247	300	10.771814179465398	0.0	143509	2379.280266945622	0.3
8613.997398810914	300	11.965553548798756	0.0	150616	2806.2606306666426	0.3
8617.80169237687	300	12.161259982841342	0.0	165384	3804.2935659574146	0.3
8621.752801907302	300	12.210150452411536	0.0	140881	3951.109530429806	0.3
8623.027701410429	300	14.93525094928467	0.0	157671	1274.8995031268666	0.3
8624.178878347491	300	17.784074012219854	0.0	157812	1151.1769370648167	0.3
8625.199282087764	300	20.763670271947202	0.0	163927	1020.4037402726519	0.3
8626.08563154841	300	23.8773208113012	0.0	137654	886.3494606460004	0.3
8628.568195077129	750	25.39475728258278	0.0	359903	2482.5635287184177	0.3
8630.81289730672	750	27.15005505299106	0.0	379700	2244.7022295917204	0.75
8635.450113077668	1200	26.5128392820422	0.0	696376	4637.215770948859	0.75
8638.771866399986	1200	27.19108595972359	0.0	487160	3321.753322318612	1.2
8642.804389692195	1200	27.15856266751516	0.0	622896	4032.523292208432	1.2
8646.401106783986	1200	27.561845575724142	0.0	641447	3596.7170917910166	1.2
8651.428277561898	1850	26.534674797812716	0.0	873429	5027.170777911428	1.2000000000000002
8656.358945994509	1850	25.60400636520096	0.0	954453	4930.668432611757	1.85
8661.092065636936	1850	24.870886722773648	0.0	885062	4733.119642427311	1.85
8668.20714490322	1850	21.755807456491166	0.0	1035329	7115.079266282481	1.85
8676.33682385226	1850	17.62612850745072	0.0	1026056	8129.678949040446	1.85
8681.657258467874	1850	16.305693891836718	0.0	943942	5320.434615613999	1.85
8685.821031694628	1850	16.141920665082893	0.0	728962	4163.773226753827	1.85
8692.665015363367	1850	13.297936996344703	0.0	938587	6843.983668738191	1.85
8695.774283364155	1200	14.188668995558112	0.0	605884	3109.2680007865915	0.5499999999999999
8699.180858692998	1200	14.782093666713708	0.0	587506	3406.5753288444025	1.2
8703.063690121851	1200	14.89926223786073	0.0	566904	3882.831428852979	1.2
8707.30953194923	1200	14.653420410483854	0.0	641452	4245.8418273768775	1.2
8710.679137439463	1200	15.28381492025079	0.0	599477	3369.605490233064	1.2
8716.731848213723	1850	13.231104145991491	0.0	973972	6052.7107742593	1.2000000000000002
8724.987882176389	1850	8.975070183327139	0.0	958994	8256.03396266435	1.85
8731.099561831634	1850	6.86339052808086	0.0	982064	6111.67965524628	1.85
8735.37895956237	1200	6.583992797346056	0.0	538612	4279.397730734803	0.5499999999999999
8742.523006919895	1850	4.0	0.5600545601790936	846370	7144.04735752515	-1.2082346087701024

