4379.898256575006	750	4.0	1.9602828539084163	450283	1960.2828539084162	-7.67921627180619
4382.082944693772	750	5.815311881233627	0.0	398865	2184.6881187663726	0.75
4383.64445588815	750	8.253800686855161	0.0	350812	1561.5111943784655	0.75
4385.906672277651	1200	9.991584297354901	0.0	617681	2262.2163895002604	0.75
4388.878180425563	1200	11.020076149442874	0.0	652874	2971.5081479120277	1.2
4391.7668722846975	1200	12.131384290308118	0.0	520315	2888.691859134755	1.2
4394.777993453568	1850	13.120263121436686	0.0	905515	3011.1211688714316	1.2000000000000002
4399.580744607535	1850	12.31751196747044	0.0	1060487	4802.751153966246	1.85
4406.621557669502	1850	9.276698905503887	0.0	852833	7040.813061966553	1.85
4411.181210711066	1200	8.717045863938958	0.0	560821	4559.6530415649295	0.5499999999999999
4415.949433398478	1200	7.94882317652774	0.0	607410	4768.222687411218	1.2
4419.430826703148	750	8.467429871857485	0.0	405134	3481.3933046702546	0.3
4423.258396033153	750	8.63986054185205	0.0	386351	3827.569330005435	0.75
4427.107186353289	750	8.791070221716062	0.0	434409	3848.790320135987	0.75
4429.373186390518	750	10.52507018448728	0.0	337059	2266.000037228781	0.75
4431.912175496277	750	11.986081078726988	0.0	366214	2538.9891057602936	0.75
4433.495632251	750	14.402624324004094	0.0	360831	1583.4567547228933	0.75
4435.112415387094	750	16.785841187909746	0.0	372963	1616.7831360943455	0.75
4436.880019278566	750	19.018237296438464	0.0	405596	1767.603891471286	0.75
4439.936453933846	1200	19.96180264115741	0.0	586839	3056.434655281052	0.75
4444.055656139574	1850	19.84260043543006	0.0	891604	4119.20220572735	1.2000000000000002
4449.369408506441	1850	18.528848068563565	0.0	955231	5313.7523668664935	1.85
4454.625326411704	1850	17.272930163301282	0.0	968026	5255.917905262283	1.85
4458.320992778002	1850	17.577263797003223	0.0	874175	3695.6663662980613	1.85
4462.536479193575	1850	17.361777381429327	0.0	897976	4215.486415573894	1.85
4470.455402618086	2850	13.442853956919254	0.0	1480464	7918.923424510074	1.85
4476.37643916487	1850	11.521817410135059	0.0	1076599	5921.036546784195	0.8500000000000001
4479.212364865246	1850	12.685891709759456	0.0	758197	2835.925700375603	1.85
4483.080028666038	1850	12.818227908967218	0.0	972798	3867.6638007922393	1.85
4486.416484465561	1850	13.481772109444035	0.0	975811	3336.455799523182	1.85
4489.174232536099	1850	14.724024038905924	0.0	873429	2757.7480705381113	1.85
4493.118523480262	1850	14.779733094742333	0.0	954453	3944.29094416359	1.85
4496.634920010457	1850	15.263336564548368	0.0	885062	3516.3965301939634	1.85
4499.031330653495	1850	16.86692592151046	0.0	1035329	2396.410643037909	1.85
4502.336794917365	2850	17.561461657640177	0.0	1492672	3305.4642638702867	1.85
4506.258650408123	2850	17.639606166883116	0.0	1439896	3921.855490757056	2.85
4509.309042069652	2850	18.589214505353368	0.0	1139291	3050.3916615297485	2.85
4513.677534186913	2850	18.220722388091716	0.0	1499009	4368.492117261654	2.85
4517.427110367904	2850	18.471146207102095	0.0	1427478	3749.576180989622	2.85
4520.821371546245	2850	19.07688502876011	0.0	1402287	3394.2611783419875	2.85
4525.666556299019	4300	18.231700275985972	0.0	2108491	4845.1847527741365	2.8499999999999996
4530.835136683107	4300	17.063119891898772	0.0	2184571	5168.5803840871995	4.3
4537.708236939534	4300	14.190019635471893	0.0	2121928	6873.100256426877	4.3
4543.562428210602	4300	12.335828364403348	0.0	2219102	5854.191271068547	4.3
4552.707279857424	4300	7.190976717582049	0.0	2124950	9144.851646821298	4.3
4559.151561323371	2850	4.746695251633845	0.0	1483527	6444.281465948204	1.4000000000000001
4562.194529413233	1850	5.70372716177331	0.0	830730	3042.9680898605347	0.8500000000000001
4567.580648948975	2850	4.317607626031371	0.0	1364537	5386.119535741939	1.85

