9682.626970085113	750	4.0	3.1328471558220468	450283	3132.8471558220467	-12.7212427700348
9683.689409244937	300	6.937560840178129	0.0	155580	1062.4391598218708	-0.15000000000000002
9684.561803051793	300	10.065167033322226	0.0	139857	872.393806855903	0.3
9685.546333948025	300	13.080636137089297	0.0	155432	984.5308962329289	0.3
9687.92855794164	750	14.698412143475453	0.0	411561	2382.223993613846	0.3
9689.928413102247	750	16.698556982868855	0.0	318564	1999.8551606065987	0.75
9693.776030896943	1200	16.85093918817186	0.0	561791	3847.6177946969906	0.75
9702.65296851435	1850	11.974001570763422	0.0	1060487	8876.937617408441	1.2000000000000002
9708.095361247368	1200	10.531608837746786	0.0	584846	5442.392733016636	0.5499999999999999
9712.29382108473	1200	10.333149000384324	0.0	560821	4198.45983736246	1.2
9717.42389402635	1200	9.20307605876384	0.0	607410	5130.072941620485	1.2
9722.058416922056	1200	8.568553163057826	0.0	594078	4634.5228957060135	1.2
9727.57739996752	1200	7.049570117595048	0.0	624282	5518.983045462778	1.2
9730.76107578838	750	7.865894296735842	0.0	434409	3183.675820859206	0.3
9733.322441334461	750	9.304528750653583	0.0	337059	2561.3655460822592	0.75
9735.934200246316	750	10.692769838800265	0.0	366214	2611.758911853317	0.75
9740.70064325563	1200	9.926326829485765	0.0	617242	4766.4430093145	0.75
9745.964056057228	1200	8.662914027889068	0.0	581493	5263.412801596696	1.2
9751.188022566106	1200	7.438947519009951	0.0	639204	5223.966508879117	1.2
9756.227072461203	1200	6.3998976239142715	0.0	586839	5039.04989509568	1.2
9762.076802449139	1200	4.55016763597731	0.0	601738	5849.729987936961	1.2
9764.87469485299	750	5.7522752321264985	0.0	399894	2797.892403850811	0.3
9767.327557303004	750	7.29941278211114	0.0	401853	2452.8624500153596	0.75
9769.318166756508	750	9.30880332860743	0.0	343800	1990.6094535037105	0.75
9771.633756775607	750	10.993213309507537	0.0	359903	2315.5900190998927	0.75
9774.164688468474	750	12.462281616639029	0.0	379700	2530.931692868507	0.75
9777.19726605802	750	13.429704027093138	0.0	425781	3032.577589545892	0.75
9779.822012313234	750	14.804957771879993	0.0	277716	2624.7462552131447	0.75
9783.115460052772	750	15.511510032341626	0.0	400396	3293.447739538365	0.75
9786.549731236031	750	16.077238849081464	0.0	400508	3434.2711832601626	0.75
9790.112544536596	750	16.514425548517043	0.0	358218	3562.813300564417	0.75
9793.335617223745	750	17.29135286136793	0.0	400322	3223.072687149112	0.75
9795.701061203064	750	18.92590888204808	0.0	369834	2365.4439793198508	0.75
9801.968134058738	1200	16.658836026374875	0.0	670129	6267.072855673203	0.75
9807.470458634925	1200	15.156511450186928	0.0	690253	5502.324576187947	1.2
9812.042956108686	1200	14.584013976428134	0.0	598727	4572.497473758794	1.2
9815.781324096673	1200	14.845645988439262	0.0	487812	3738.367987988872	1.2
9819.934579048368	1200	14.692391036745297	0.0	575591	4153.254951693965	1.2
9824.883354483858	1200	13.743615601255609	0.0	605884	4948.775435489689	1.2
9829.981936433207	1200	12.6450336519052	0.0	587506	5098.581949350409	1.2
9834.860764132143	1200	11.766205952969408	0.0	566904	4878.827698935793	1.2
9840.523769244137	1200	10.103200840976982	0.0	641452	5663.005111992425	1.2
9845.770383488747	1200	8.856586596366501	0.0	599477	5246.6142446104805	1.2
9849.763371066261	1200	8.863599018851927	0.0	634861	3992.987577514575	1.2
9853.586449442524	1200	9.040520642588886	0.0	630203	3823.078376263041	1.2
9857.779510416047	1200	8.847459669064792	0.0	638661	4193.060973524094	1.2
9862.433397015328	1200	8.193573069784017	0.0	538612	4653.886599280775	1.2
9869.441388517494	1850	5.185581567617028	0.0	846370	7007.991502166989	1.2000000000000002

