22349.184645152254	750	4.0	5.105653885378062	450283	5105.653885378062	-21.204311707125665
22353.340346891917	300	4.0	0.15570173966025685	155580	4155.701739660257	-0.8195174805391044
22355.796980321884	300	5.543366570032065	0.0	139857	2456.6334299679343	0.3
22357.083409457373	300	8.256937434542367	0.0	155432	1286.4291354896984	0.3
22358.07112930528	300	11.26921758663774	0.0	163442	987.7198479046284	0.3
22358.616856914865	300	14.723489977049944	0.0	126289	545.7276095877967	0.3
22359.26575985052	300	18.074587041395613	0.0	153295	648.9029356543269	0.3
22361.093627347116	750	20.246719544800097	0.0	437162	1827.8674965955186	0.3
22362.76310313255	750	22.577243759364418	0.0	374758	1669.4757854356799	0.75
22366.766932451195	1850	22.573414440717382	0.0	913888	4003.8293186470373	0.75
22370.21450240251	1850	23.12584448940685	0.0	939819	3447.5699513105315	1.85
22373.27486900953	1850	24.065477882383643	0.0	917428	3060.366607023208	1.85
22376.36663487442	1850	24.973712017493014	0.0	946851	3091.765864890629	1.85
22379.715348044734	1850	25.624998847178592	0.0	1036454	3348.713170314422	1.85
22382.404972916465	1850	26.935373975447657	0.0	821631	2689.6248717309336	1.85
22388.157142256467	2850	25.18320463544636	0.0	1471065	5752.169340001295	1.85
22394.536652222847	2850	22.803694669067198	0.0	1491626	6379.509966379161	2.85
22399.30499855025	2850	22.03534834166201	0.0	1358801	4768.346327405187	2.85
22407.159598607097	2850	18.180748284816005	0.0	1537156	7854.600056846007	2.85
22417.52041054922	2850	11.819936342693664	0.0	1336050	10360.81194212234	2.85
22422.469030793793	1200	10.871316098120598	0.0	601738	4948.620244573065	-0.44999999999999996
22428.687908681986	1200	8.652438209928462	0.0	616206	6218.877888192134	1.2
22434.769386061063	750	6.570960830847711	0.0	401853	6081.477379080752	0.3
22436.017736924136	300	9.322609967777808	0.0	137654	1248.3508630699039	-0.15000000000000002
22437.475893676852	300	11.864453215061923	0.0	146754	1458.156752715884	0.3
22439.076495345646	300	14.263851546268764	0.0	153938	1600.6016687931585	0.3
22440.993900155394	300	16.34644673651758	0.0	181901	1917.404809751183	0.3
22442.17076511997	300	19.16958177194478	0.0	111155	1176.864964572803	0.3
22447.95293691954	1200	17.387409972375895	0.0	622896	5782.171799568886	0.29999999999999993
22453.495692074528	1200	15.84465481738669	0.0	641447	5542.755154989205	1.2
22459.155984664885	1200	14.184362227032748	0.0	570392	5660.292590353942	1.2
22463.957962101395	1200	13.382384790519321	0.0	620283	4801.977436513426	1.2
22469.131316323812	1200	12.209030568102738	0.0	584349	5173.354222416583	1.2
22473.539204692042	1200	11.801142199871666	0.0	670129	4407.888368231072	1.2
22480.469318485306	1200	8.871028406608618	0.0	690253	6930.11379326305	1.2
22488.174577386995	1200	5.16576950492081	0.0	598727	7705.258901687806	1.2
22491.47721874536	750	5.863128146555026	0.0	321064	3302.6413583657845	0.3
22493.67789165964	750	7.662455232271724	0.0	361565	2200.6729142833015	0.75
22496.403345069546	750	8.937001822364433	0.0	378327	2725.4534099072907	0.75
22499.269906430676	750	10.070440461235076	0.0	390680	2866.5613611293566	0.75
22503.311602627324	750	10.028744264589463	0.0	345516	4041.6961966456147	0.75
22506.438244855388	750	10.902102036523816	0.0	384505	3126.6422280656466	0.75
22508.814564210403	750	12.525782681510707	0.0	372093	2376.319355013109	0.75
22513.02466875518	750	12.31567813673444	0.0	438281	4210.104544776266	0.75
22518.316360887577	750	11.023986004339196	0.0	398987	5291.692132395245	0.75
22524.01731699874	750	9.323029893177273	0.0	393804	5700.956111161924	0.75
22527.473289635007	750	9.86705725690926	0.0	331053	3455.972636268014	0.75
22531.93774041754	1200	9.402606474374412	0.0	550906	4464.450782534846	0.75

