14975.447849552833	750	4.0	4.277909780182569	450283	4277.909780182569	-17.64501205478505
14976.696835852948	300	6.75101369988408	0.0	155580	1248.98630011592	-0.15000000000000002
14978.241307525805	300	9.206542027029297	0.0	139857	1544.4716728547828	0.3
14980.011666653814	300	11.436182899020517	0.0	155432	1770.3591280087778	0.3
14981.749313579821	300	13.69853597301224	0.0	163442	1737.6469260082768	0.3
14984.396912777696	750	15.050936775138222	0.0	318564	2647.5991978740185	0.3
14986.99439365806	750	16.45345589477365	0.0	352642	2597.4808803645683	0.75
14989.47530101009	750	17.972548542743564	0.0	437162	2480.907352030089	0.75
14991.232002470137	750	20.215847082696733	0.0	374758	1756.7014600468335	0.75
14993.724341824096	1200	21.723507728739	0.0	560821	2492.3393539577314	0.75
14995.975783249227	1200	23.472066303607956	0.0	607410	2251.441425131046	1.2
15000.732426509918	1850	22.71542304291625	0.0	917428	4756.643260691708	1.2000000000000002
15006.886589048998	2850	20.56126050383692	0.0	1422919	6154.16253907933	1.85
15013.45100600043	2850	17.996843552403405	0.0	1578343	6564.4169514335135	2.85
15018.276770472157	2850	17.17107908067607	0.0	1231445	4825.764471727338	2.85
15024.128315052341	2850	15.319534500491955	0.0	1471065	5851.544580184116	2.85
15030.00275404671	2850	13.445095506123605	0.0	1491626	5874.43899436835	2.85
15034.63127417677	2850	12.816575376062156	0.0	1358801	4628.520130061449	2.85
15038.971718775783	2850	12.476130777050654	0.0	1537156	4340.444599011501	2.85
15043.459585712744	2850	11.988263840089287	0.0	1336050	4487.866936961368	2.85
15047.99316143659	2850	11.45468811624217	0.0	1415116	4533.575723847117	2.85
15053.223393813822	2850	10.22445573901115	0.0	1468126	5230.232377231021	2.85
15057.61843358645	2850	9.829415966385485	0.0	1505760	4395.039772625665	2.85
15062.08084064196	2850	9.367008910872547	0.0	1323990	4462.407055512937	2.85
15068.236787998685	2850	7.211061554147441	0.0	1383735	6155.947356725107	2.85
15071.516936082808	1850	7.930913470024637	0.0	905935	3280.1480841228035	0.8500000000000001
15074.274474060952	1850	9.173375491879533	0.0	1076599	2757.5379781451047	1.85
15076.801803108461	1850	10.646046444370938	0.0	758197	2527.329047508595	1.85
15080.687520513553	1850	10.760329039278725	0.0	972798	3885.717405092214	1.85
15084.04491414148	1850	11.402935411351653	0.0	975811	3357.393627927072	1.85
15086.693159621478	1850	12.754689931352704	0.0	873429	2648.2454799989487	1.85
15089.455244387838	1850	13.992605164992971	0.0	954453	2762.084766359732	1.85
15094.15423889262	2850	13.293610660213846	0.0	1358081	4698.994504779126	1.85
15100.528363601885	2850	10.919485950946992	0.0	1587293	6374.124709266855	2.85
15106.074953320845	2850	9.372896231987012	0.0	1492672	5546.589718959979	2.85
15111.02329091974	2850	8.424558633093861	0.0	1439896	4948.33759889315	2.85
15116.323351075493	2850	7.124498477340285	0.0	1139291	5300.060155753576	2.85
15119.902998677766	1850	7.544850875067877	0.0	938587	3579.6476022724078	0.8500000000000001
15123.008200709597	1850	8.439648843238128	0.0	908665	3105.2020318297496	1.85
15125.829330860115	1850	9.618518692718665	0.0	930577	2821.1301505194647	1.85
15128.592065745639	1850	10.855783807195694	0.0	858450	2762.734885522971	1.85
15132.551202172786	1850	10.896647380049076	0.0	1025005	3959.136427146617	1.85
15135.32721555129	1850	12.120634001545561	0.0	886255	2776.013378503515	1.85
15139.945416532308	2850	11.502433020525784	0.0	1587250	4618.200981019779	1.85
15144.993216233916	2850	10.454633318918459	0.0	1464921	5047.799701607324	2.85
15149.693708650775	2850	9.754140902057461	0.0	1483527	4700.492416860997	2.85
15154.75504930278	4300	8.692800250053955	0.0	1961140	5061.340652003507	2.8499999999999996
15161.390696795137	4300	6.057152757694646	0.0	2155012	6635.647492359309	4.3

