23851.629857311418	750	4.0	2.100206826790785	450283	2100.2068267907853	-8.280889355200376
23854.147983417155	750	5.481873894263046	0.0	398865	2518.126105736954	0.75
23856.023494945206	750	7.60636236620974	0.0	350812	1875.511528053306	0.75
23858.856791891372	1200	8.773065420042652	0.0	617681	2833.2969461670878	0.75
23861.74769055271	1200	9.88216675870608	0.0	652874	2890.8986613365723	1.2
23863.908015152538	1200	11.721842158880444	0.0	520315	2160.324599825637	1.2
23866.585762887742	1200	13.044094423673856	0.0	561791	2677.7477352065875	1.2
23871.882031050045	1850	11.747826261371854	0.0	1060487	5296.268162302002	1.2000000000000002
23875.23859105839	1850	12.391266253026147	0.0	852833	3356.560008345706	1.85
23878.45396840177	1850	13.175888909651327	0.0	913888	3215.377343374821	1.85
23881.53544519123	1850	14.094412120186393	0.0	939819	3081.476789464933	1.85
23885.357407979336	1850	14.272449332080612	0.0	917428	3821.9627881057804	1.85
23889.42572203297	1850	14.20413527844571	0.0	946851	4068.314053634902	1.85
23893.887105224963	1850	13.74275208645481	0.0	1036454	4461.383191990899	1.85
23897.696849111588	1850	13.933008199832683	0.0	821631	3809.7438866221296	1.85
23901.36057739564	1850	14.269279915779688	0.0	923170	3663.728284052996	1.85
23905.358739279545	1850	14.271118031873947	0.0	966699	3998.161883905741	1.85
23909.783424473095	1850	13.846432838323814	0.0	885714	4424.685193550133	1.85
23914.45693676729	1850	13.172920544131783	0.0	987708	4673.51229419203	1.85
23917.4638150421	1850	14.166042269317513	0.0	923755	3006.87827481427	1.85
23920.877109248926	1850	14.752748062494591	0.0	891604	3413.2942068229227	1.85
23925.040718231932	1850	14.589139079488529	0.0	955231	4163.608983006063	1.85
23928.974870436912	1850	14.654986874507545	0.0	968026	3934.152204980983	1.85
23934.481105632185	1850	13.14875167923271	0.0	874175	5506.235195274836	1.85
23946.358339927272	1850	5.27151738414929	0.0	897976	11877.234295083419	1.85
23948.910775552577	300	6.719081758842764	0.0	153938	2552.4356253065266	-1.25
23950.838431709937	300	8.791425601482702	0.0	181901	1927.6561573600607	0.3
23951.787083830714	300	11.842773480707935	0.0	111155	948.6521207747684	0.3
23953.022760246684	300	14.607097064737454	0.0	153605	1235.6764159704799	0.3
23954.0935615287	300	17.536295782718554	0.0	149029	1070.801282018902	0.3
23955.309356667847	300	20.320500643572313	0.0	157421	1215.7951391462395	0.3
23958.357048880436	1200	21.272808430984337	0.0	620283	3047.692212587974	0.29999999999999993
23962.514341894523	1200	21.11551541689597	0.0	584349	4157.293014088367	1.2
23965.965373571653	1200	21.66448373976692	0.0	670129	3451.0316771290545	1.2
23968.761270530056	1200	22.868586781362804	0.0	690253	2795.896958404114	1.2
23973.067308815407	1850	22.5625484960103	0.0	943942	4306.0382853525	1.2000000000000002
23975.32765351826	1850	24.30220379315906	0.0	728962	2260.3447028512437	1.85
23978.10132716543	1850	25.5285301459904	0.0	938587	2773.6736471686636	1.85
23982.886136782825	2850	24.743720528592103	0.0	1427478	4784.809617398292	1.85
23987.52051671489	2850	24.1093405965283	0.0	1402287	4634.379932063807	2.85
23992.88132167299	2850	22.74853563842633	0.0	1339500	5360.804958101968	2.85
24000.022059372226	2850	19.60779793919083	0.0	1527299	7140.737699235499	2.85
24005.310807228256	2850	18.319050083160985	0.0	1343002	5288.747856029845	2.85
24011.97435694606	2850	15.655500365359796	0.0	1587250	6663.549717801191	2.85
24017.7623231271	2850	13.867534184319902	0.0	1464921	5787.966181039895	2.85
24023.868730042894	2850	11.761127268525868	0.0	1483527	6106.406915794034	2.85
24028.43889584467	2850	11.19096146675188	0.0	1231456	4570.165801773989	2.85
24034.001825316245	2850	9.628031995173993	0.0	1364537	5562.929471577887	2.85

