23291.739580247766	750	4.0	1.3915974527875299	450283	1391.5974527875298	-5.233869046986379
23293.05090679167	750	6.688673456098364	0.0	398865	1311.3265439016354	0.75
23295.311859541154	1200	8.427720706612567	0.0	571051	2260.952749485798	0.75
23297.47456221075	1200	10.265018037017704	0.0	617681	2162.7026695948616	1.2
23299.71470389693	1200	12.02487635083676	0.0	652874	2240.1416861809444	1.2
23301.48353259373	1200	14.256047654039609	0.0	520315	1768.8286967971505	1.2
23304.64722725738	1850	15.09235299038659	0.0	905515	3163.694663653017	1.2000000000000002
23309.35347674449	2850	14.386103503277056	0.0	1638769	4706.249487109536	1.85
23313.864856354125	2850	13.874723893642932	0.0	1348011	4511.379609634126	2.85
23319.17319378539	2850	12.566386462377645	0.0	1429765	5308.337431265287	2.85
23324.752394534324	2850	10.987185713447769	0.0	1354548	5579.200748929877	2.85
23330.99113255162	2850	8.748447696153576	0.0	1519951	6238.738017294193	2.85
23337.060348623178	2850	6.679231624594287	0.0	1422919	6069.216071559289	2.85
23340.955667093534	1850	6.783913154239802	0.0	1036454	3895.3184703544844	0.8500000000000001
23344.184833168558	1850	7.554747079215583	0.0	821631	3229.166075024219	1.85
23347.577931324842	1850	8.16164892293012	0.0	923170	3393.0981562854654	1.85
23351.632756627856	1850	8.10682361991733	0.0	966699	4054.825303012788	1.85
23355.585226300806	1850	8.154353946968863	0.0	885714	3952.4696729484685	1.85
23359.54052467094	1850	8.199055576835883	0.0	987708	3955.298370132979	1.85
23363.2947799963	1850	8.444800251474739	0.0	923755	3754.255325361145	1.85
23366.826395732962	1850	8.913184514816347	0.0	891604	3531.6157366583916	1.85
23370.37812264648	1850	9.361457601295465	0.0	955231	3551.7269135208826	1.85
23373.575489563293	1850	10.164090684484254	0.0	968026	3197.36691681121	1.85
23376.71270230447	1850	11.026877943305093	0.0	874175	3137.212741179161	1.85
23381.392374314208	2850	10.347205933570253	0.0	1383735	4679.672009734841	1.85
23386.605504830826	2850	9.134075416953158	0.0	1480464	5213.130516617095	2.85
23392.84704827945	2850	6.89253196832995	0.0	1547572	6241.543448623207	2.85
23396.988212532124	2850	6.751367715653565	0.0	1141971	4141.164252676385	2.85
23401.88846111215	2850	5.851119135629469	0.0	1498470	4900.248580024096	2.85
23407.073221949875	2850	4.666358297902408	0.0	1561263	5184.760837727061	2.85
23410.930713994236	1850	4.808866253541689	0.0	873429	3857.49204436072	0.8500000000000001
23415.17030159171	1850	4.569278656068945	0.0	954453	4239.587597472744	1.85
23417.65931048841	1200	6.080269759367864	0.0	584349	2489.0088967010806	0.5499999999999999
23420.273988649773	1200	7.465591598003983	0.0	670129	2614.678161363881	1.2
23423.45971896791	1850	8.279861279867866	0.0	1026056	3185.7303181361162	1.2000000000000002
23426.57356316981	1850	9.166017077966794	0.0	943942	3113.8442019010718	1.85
23429.86344118134	1850	9.876139066437794	0.0	728962	3289.8780115289997	1.85
23435.267183631913	1850	8.472396615863858	0.0	938587	5403.742450573937	1.85
23441.562361845215	1850	6.17721840256301	0.0	908665	6295.178213300847	1.85
23443.910484077205	1200	7.829096170571255	0.0	587506	2348.1222319917556	0.5499999999999999
23446.38708038359	1200	9.352499864188806	0.0	566904	2476.5963063824493	1.2
23449.138149625724	1200	10.601430622053398	0.0	641452	2751.069242135406	1.2
23451.58183066677	1200	12.157749581001948	0.0	599477	2443.6810410514495	1.2
23454.251524962267	1200	13.488055285509223	0.0	634861	2669.694295492725	1.2
23459.161649086614	2850	12.57793116116267	0.0	1464921	4910.124124346552	1.2000000000000002
23465.871558355237	2850	9.868021892538438	0.0	1483527	6709.909268624233	2.85
23471.158336137283	2850	8.581244110493602	0.0	1231456	5286.7777820448355	2.85
23477.698479243296	2850	6.041101004481289	0.0	1364537	6540.143106012313	2.85

