2855.2366542665295	750	4.0	6.240793125191714	450283	6240.793125191714	-26.08541043832437
2857.844867798923	300	5.39178646760646	0.0	155580	2608.2135323935404	-0.15000000000000002
2860.3730470899272	300	6.863607176602174	0.0	139857	2528.179291004286	0.3
2862.658504046338	300	8.578150220191981	0.0	155432	2285.456956410193	0.3
2866.1713249661593	300	9.065329300370701	0.0	163442	3512.820919821281	0.3
2868.53261256592	300	10.704041700610226	0.0	126289	2361.2875997604747	0.3
2871.0796781329336	300	12.156976133596313	0.0	153295	2547.065567013914	0.3
2874.0177023312463	300	13.218951935283304	0.0	173849	2938.024198313009	0.3
2881.658878585551	750	9.577775680978812	0.0	374758	7641.1762543044915	0.3
2884.233190174751	300	11.003464091778595	0.0	139105	2574.3115892002165	-0.15000000000000002
2886.875619896728	300	12.361034369801343	0.0	141840	2642.42972197725	0.3
2890.038226232879	300	13.198428033650757	0.0	156148	3162.6063361505876	0.3
2893.723027473719	300	13.513626792810886	0.0	160746	3684.801240839869	0.3
2897.5048646358937	300	13.731789630636031	0.0	179801	3781.837162174855	0.3
2899.9123681290343	300	15.324286137495294	0.0	140051	2407.5034931407376	0.3
2902.0443056089075	300	17.19234865762191	0.0	138313	2131.937479873383	0.3
2904.044189845384	300	19.19246442114531	0.0	143509	1999.8842364766024	0.3
2906.4040716736126	300	20.83258259291693	0.0	150616	2359.8818282283796	0.3
2909.358984138936	300	21.877670127593127	0.0	165384	2954.9124653238027	0.3
2911.71566786258	300	23.520986403949088	0.0	140881	2356.683723644036	0.3
2917.0761544801917	750	22.160499786337144	0.0	386472	5360.486617611947	0.3
2922.2096253617756	750	21.027028904753333	0.0	399894	5133.470881583809	0.75
2929.1774382602484	750	18.059216006280398	0.0	401853	6967.8128984729365	0.75
2932.9005873058413	750	18.33606696068715	0.0	343800	3723.1490455932467	0.75
2935.814274591693	750	19.422379674835458	0.0	359903	2913.6872858516926	0.75
2939.37519139937	750	19.86146286715832	0.0	379700	3560.916807677138	0.75
2944.419199629735	750	18.817454636793226	0.0	425781	5044.008230365091	0.75
2948.6679972097604	750	18.568657056767844	0.0	277716	4248.797580025385	0.75
2955.905665357762	750	15.330988908766109	0.0	400396	7237.668148001734	0.75
2963.023630351826	750	12.21302391470223	0.0	400508	7117.964994063879	0.75
2972.8148732117497	750	6.4217810547785135	0.0	358218	9791.242859923716	0.75
2978.1213219065967	300	5.11533235993165	0.0	157488	5306.448694846864	-0.15000000000000002
2982.490859182927	300	4.7457950836011245	0.0	143881	4369.537276330526	0.3
2986.807784346275	300	4.42886992025353	0.0	163444	4316.925163347594	0.3
2992.9466644635177	300	4.0	1.7100101969893193	179328	6138.880117242849	-7.053043847054073
2998.5792559462884	300	4.0	1.632591482770561	159914	5632.591482770561	-6.720143375913412
3001.9421914428845	300	4.637064503403679	0.0	131610	3362.9354965963207	0.3
3005.00256831096	300	5.5766876353277945	0.0	124011	3060.376868075884	0.3
3008.515466292904	300	6.063789653384258	0.0	144254	3512.897981943537	0.3
3011.7392615124563	300	6.839994433831389	0.0	149991	3223.795219552869	0.3
3014.4162704581704	300	8.162985488117739	0.0	147968	2677.008945713649	0.3
3017.237439472821	300	9.341816473467526	0.0	161857	2821.1690146502137	0.3
3019.225763818764	300	11.353492127524314	0.0	145210	1988.3243459432113	0.3
3021.491690674157	300	13.087565272131219	0.0	172312	2265.9268553930956	0.3
3024.926264447908	300	13.652991498380096	0.0	167025	3434.573773751121	0.3
3033.656953433943	750	8.922302512345166	0.0	393804	8730.688986034931	0.3
3037.856994820374	750	8.722261125913876	0.0	331053	4200.041386431291	0.75
3041.9057719988273	750	8.673483947460598	0.0	314107	4048.777178453279	0.75

