7030.828538850978	750	4.0	1.256359210868177	450283	1256.359210868177	-4.652344606733161
7032.820388712067	1200	6.008150138911241	0.0	611087	1991.8498610887593	0.75
7034.664436960388	1200	8.164101890590421	0.0	571051	1844.0482483208189	1.2
7037.440676459008	1850	9.387862391970675	0.0	933276	2776.2394986197473	1.2000000000000002
7041.913406621272	1850	8.915132229706472	0.0	996749	4472.730162264203	1.85
7045.006247957287	1850	9.822290893690848	0.0	801058	3092.841336015625	1.85
7048.96610213616	1850	9.862436714818086	0.0	905515	3959.8541788727616	1.85
7053.020109349446	1850	9.808429501531696	0.0	1060487	4054.007213286389	1.85
7056.037241762116	1850	10.791297088862482	0.0	852833	3017.1324126692143	1.85
7059.836385283909	1850	10.992153567068106	0.0	913888	3799.143521794376	1.85
7062.714440313373	1850	12.114098537604338	0.0	939819	2878.055029463767	1.85
7064.817797787707	1850	14.010741063271842	0.0	917428	2103.357474332498	1.85
7067.077570018624	1850	15.75096883235442	0.0	946851	2259.772230917422	1.85
7071.028469014287	2850	15.800069836691558	0.0	1578343	3950.898995662863	1.85
7074.52402971067	2850	16.304509140308724	0.0	1231445	3495.560696382832	2.85
7079.415677778411	2850	15.412861072568004	0.0	1471065	4891.648067740721	2.85
7083.788376915107	2850	15.040161935872167	0.0	1491626	4372.699136695837	2.85
7087.400920780957	2850	15.427618070021861	0.0	1358801	3612.543865850306	2.85
7091.719865159459	2850	15.108673691519241	0.0	1537156	4318.94437850262	2.85
7095.3768987343465	2850	15.45164011663277	0.0	1336050	3657.0335748864713	2.85
7103.114429752244	2850	11.714109098734312	0.0	1415116	7737.531017898458	2.85
7107.375993772075	1850	11.452545078903738	0.0	955231	4261.5640198305755	0.8500000000000001
7120.661362788476	1850	4.0	1.8328239374971471	968026	13285.369016400884	-6.031142931237731
7124.047693772983	300	4.613669015493464	0.0	137654	3386.3309845065364	-1.25
7127.96784521245	300	4.693517576026287	0.0	146754	3920.1514394671767	0.3
7131.778688251922	300	4.882674536554354	0.0	153938	3810.843039471934	0.3
7135.159648258464	300	5.501714530012694	0.0	181901	3380.9600065416603	0.3
7137.183439269518	300	7.477923518957359	0.0	111155	2023.7910110553346	0.3
7139.949562415155	300	8.711800373321493	0.0	153605	2766.123145635866	0.3
7141.382660407168	300	11.278702381308637	0.0	149029	1433.0979920128566	0.3
7142.529044104012	300	14.132318684464138	0.0	157421	1146.3836968444991	0.3
7143.641544259174	300	17.019818529303375	0.0	157488	1112.5001551607659	0.3
7144.684751608713	300	19.97661117976435	0.0	143881	1043.2073495390246	0.3
7146.890117046542	750	21.771245741934887	0.0	412837	2205.3654378294646	0.3
7149.851418461007	1200	22.809944327470657	0.0	690253	2961.3014144642284	0.75
7153.037653064947	1200	23.623709723529892	0.0	598727	3186.234603940764	1.2
7156.041483613513	1200	24.619879174964183	0.0	487812	3003.83054856571	1.2
7161.144125078861	1850	23.51723770961589	0.0	938587	5102.641465348289	1.2000000000000002
7169.08739404599	1850	19.573968742487356	0.0	908665	7943.268967128535	1.85
7176.123991103826	1850	16.537371684651752	0.0	930577	7036.597057835603	1.85
7179.983096831835	1200	16.678265956642445	0.0	566904	3859.1057280093078	0.5499999999999999
7184.385235291626	1200	16.276127496852148	0.0	641452	4402.138459790298	1.2
7191.778733619449	1200	12.882629169028533	0.0	599477	7393.498327823614	1.2
7200.415349859759	1200	8.246012928717779	0.0	634861	8636.616240310754	1.2
7206.433501935714	750	6.227860852762741	0.0	398987	6018.152075955038	0.3
7208.439127301695	300	8.222235486781107	0.0	160064	2005.6253659816336	-0.15000000000000002
7211.791939957651	750	8.869422830825826	0.0	331053	3352.8126559552816	0.3
7216.302053857896	1200	8.35930893058165	0.0	550906	4510.113900244176	0.75

