22909.12811200785	750	4.0	9.971750996673139	450283	9971.75099667314	-42.1285292856945
22912.61173591708	300	4.516376090767351	0.0	155580	3483.623909232648	-0.15000000000000002
22914.896734132628	300	6.23137787521933	0.0	139857	2284.998215548021	0.3
22916.69781981848	300	8.430292189365248	0.0	155432	1801.085685854082	0.3
22918.18470526537	300	10.943406742477846	0.0	163442	1486.8854468874028	0.3
22919.2832338269	300	13.844878180946663	0.0	126289	1098.5285615311818	0.3
22920.5047064741	300	16.623405533748365	0.0	153295	1221.4726471982992	0.3
22923.414315349324	750	17.713796658521918	0.0	437162	2909.608875226446	0.3
22926.004355217225	750	19.12375679062223	0.0	374758	2590.0398678996867	0.75
22928.209815976843	750	20.9182960310042	0.0	362795	2205.4607596180326	0.75
22930.466971433547	750	22.66114057430175	0.0	353220	2257.1554567024505	0.75
22933.861948287442	1200	23.266163720407118	0.0	594078	3394.9768538946296	0.75
22938.743517501276	1200	22.384594506573432	0.0	624282	4881.569213833689	1.2
22947.14952072349	1850	17.978591284357226	0.0	1036454	8406.003222216204	1.2000000000000002
22956.1652848401	1850	12.962827167747864	0.0	821631	9015.764116609362	1.85
22960.54838769836	1200	12.579724309488613	0.0	587876	4383.102858259252	0.5499999999999999
22965.247391208235	1200	11.880720799614194	0.0	617242	4699.003509874419	1.2
22969.577403432173	750	11.55070857567753	0.0	372963	4330.012223936663	0.3
22974.929407361844	750	10.198704646005114	0.0	405596	5352.003929672418	0.75
22981.69802542306	750	7.430086584790206	0.0	350713	6768.618061214907	0.75
22984.95655087104	300	8.171561136807103	0.0	157671	3258.525447983103	-0.15000000000000002
22986.83226571431	300	10.295846293538277	0.0	157812	1875.7148432688257	0.3
22989.8025304428	300	11.32558156504807	0.0	163927	2970.2647284902073	0.3
22992.52400304102	300	12.604108966825326	0.0	137654	2721.4725982227455	0.3
22995.667145879142	300	13.460966128703628	0.0	146754	3143.1428381216974	0.3
22998.09467857899	300	15.03343342885607	0.0	153938	2427.532699847559	0.3
22999.804281320565	300	17.323830687279717	0.0	181901	1709.602741576353	0.3
23000.651259975053	300	20.476852032789605	0.0	111155	846.9786544901132	0.3
23001.722482532914	300	23.405629474926837	0.0	153605	1071.2225578627665	0.3
23004.531107745726	750	24.597004262117295	0.0	400508	2808.625212809544	0.3
23006.832410154148	750	26.295701853695242	0.0	358218	2301.3024084220538	0.75
23010.40282561611	1200	26.72528639173283	0.0	620283	3570.4154619624146	0.75
23016.314959725787	1200	24.813152282057352	0.0	584349	5912.134109675479	1.2
23021.785182147298	1200	23.342929860545897	0.0	670129	5470.222421511457	1.2
23027.70279220925	1200	21.425319798594984	0.0	690253	5917.610061950912	1.2
23033.80647484413	1200	19.321637163717437	0.0	598727	6103.682634877545	1.2
23038.793960607167	1200	18.334151400676742	0.0	487812	4987.485763040696	1.2
23041.792602996964	1200	19.335509010881687	0.0	575591	2998.6423897950535	1.2
23044.217836090756	1200	20.910275917089855	0.0	605884	2425.233093791835	1.2
23046.913806949797	1200	22.21430505804505	0.0	587506	2695.970859044804	1.2
23050.42954996296	1200	22.69856204488266	0.0	566904	3515.7430131623896	1.2
23055.048568784463	1200	22.07954322337958	0.0	641452	4619.01882150308	1.2
23063.091790230825	1850	18.036321777019232	0.0	886255	8043.221446360349	1.2000000000000002
23072.130041853907	1850	12.99807015393527	0.0	973972	9038.251623083961	1.85
23080.69459775341	1200	8.433514254434373	0.0	630203	8564.555899500898	0.5499999999999999
23092.657137827475	750	4.0	3.5290258196302	393804	11962.540074064573	-14.874811024409858
23096.737490161093	300	4.0	0.08035233361515202	137507	4080.352333615152	-0.4955150345451537
23100.950056396952	300	4.0	0.21256623586282514	118421	4212.566235862825	-0.6140348142101482

