15714.91197448093	750	4.0	4.665178135276565	450283	4665.178135276565	-19.31026598168923
15716.41080904882	300	6.501165432110702	0.0	155580	1498.8345678892972	-0.15000000000000002
15717.852338030734	300	9.059636450196395	0.0	139857	1441.5289819143081	0.3
15720.911620538558	300	10.000353942372927	0.0	155432	3059.282507823468	0.3
15724.976621045093	300	9.935353435839435	0.0	163442	4065.000506533491	0.3
15727.90016104108	300	11.011813439851737	0.0	126289	2923.539995987698	0.3
15730.761869132377	300	12.15010534855435	0.0	153295	2861.708091297388	0.3
15734.164931765214	300	12.747042715718758	0.0	173849	3403.0626328355916	0.3
15737.082698317936	300	13.829276162996456	0.0	150710	2917.766552722302	0.3
15739.678667602593	300	15.233306878338324	0.0	139105	2595.969284658131	0.3
15743.116666487356	300	15.795307993574422	0.0	141840	3437.9988847639015	0.3
15748.312048073873	300	14.599926407058215	0.0	156148	5195.381586516208	0.3
15752.542155555002	300	14.369818925929478	0.0	160746	4230.107481128735	0.3
15756.323084368447	300	14.588890112485023	0.0	179801	3780.9288134444546	0.3
15759.809488987092	300	15.102485493839552	0.0	140051	3486.404618645471	0.3
15764.092194223731	300	14.819780257200604	0.0	138313	4282.705236638948	0.3
15769.17532298201	300	13.736651498923296	0.0	143509	5083.128758277308	0.3
15772.516265167807	300	14.395709313123865	0.0	150616	3340.942185799432	0.3
15774.023745075936	300	16.88822940499606	0.0	165384	1507.4799081278047	0.3
15774.92132108069	300	19.990653400240554	0.0	140881	897.5760047555111	0.3
15775.81450421925	300	23.09747026167943	0.0	157671	893.1831385611233	0.3
15776.65288369155	300	26.259090789380675	0.0	157812	838.3794722987542	0.3
15778.675607023662	750	28.236367457267576	0.0	401853	2022.7233321131005	0.3
15781.490116248076	1200	29.42185823285244	0.0	536667	2814.509224415137	0.75
15785.261588245743	1850	29.650386235184904	0.0	897976	3771.471997667536	1.2000000000000002
15790.07650657813	1850	28.83546790279842	0.0	905935	4814.918332386481	1.85
15796.054750402245	1850	26.857224078684222	0.0	1076599	5978.243824114199	1.85
15802.519394275445	1850	24.392580205484236	0.0	758197	6464.643873199988	1.85
15810.715898442037	1850	20.196076038893093	0.0	972798	8196.504166591141	1.85
15815.923573031718	1200	18.988401449213008	0.0	641447	5207.674589680086	0.5499999999999999
15820.698882658558	1200	18.21309182237312	0.0	570392	4775.309626839887	1.2
15825.776146461461	1200	17.13582801946946	0.0	620283	5077.2638029036625	1.2
15829.889295976718	1200	17.022678504211065	0.0	584349	4113.1495152583975	1.2
15834.57595355301	1200	16.33602092792067	0.0	670129	4686.657576290394	1.2
15839.000269281032	1200	15.911705199899647	0.0	690253	4424.315728021023	1.2
15842.173883135501	1200	16.738091345429122	0.0	598727	3173.613854470526	1.2
15844.63116820472	1200	18.280806276210786	0.0	487812	2457.285069218333	1.2
15847.618193680097	1200	19.293780800833943	0.0	575591	2987.0254753768454	1.2
15852.245907869898	1850	18.66606661103246	0.0	908665	4627.714189801481	1.2000000000000002
15855.888618513696	1850	19.023355967233435	0.0	930577	3642.710643799026	1.85
15861.057588722502	1850	17.8543857584262	0.0	858450	5168.970208807235	1.85
15866.573733847285	1850	16.338240633644602	0.0	1025005	5516.145124781597	1.85
15870.744137856856	1850	16.16783662407303	0.0	886255	4170.404009571574	1.85
15875.093993612547	1850	15.81798086838238	0.0	973972	4349.855755690652	1.85
15879.277943663219	1850	15.634030817709318	0.0	958994	4183.950050673061	1.85
15886.650164581559	2850	12.26180989936817	0.0	1483527	7372.220918341148	1.85
15892.970475409793	2850	9.941499071134237	0.0	1231456	6320.3108282339335	2.85
15901.430386797732	2850	5.481587683194677	0.0	1364537	8459.911387939559	2.85

