20282.389156693207	750	4.0	5.259051639025879	450283	5259.051639025879	-21.86392204781128
20283.934382755855	300	6.454773937350686	0.0	155580	1545.2260626493135	-0.15000000000000002
20285.39729342255	300	8.991863270652232	0.0	139857	1462.9106666984549	0.3
20288.669660245727	750	9.719496447474015	0.0	382355	3272.3668231782153	0.3
20292.450099577087	750	9.939057116115011	0.0	411561	3780.4393313590053	0.75
20295.632321056182	750	10.756835637017636	0.0	318564	3182.2214790973753	0.75
20298.258642027817	750	12.13051466538384	0.0	352642	2626.3209716337947	0.75
20302.25414028486	750	12.135016408342072	0.0	437162	3995.498257041769	0.75
20304.290626527345	750	14.09853016585325	0.0	374758	2036.4862424888215	0.75
20306.178526909825	750	16.210629783374117	0.0	362795	1887.9003824791346	0.75
20309.984260213034	1200	16.40489648016736	0.0	607410	3805.7333032067572	0.75
20313.079640646574	1200	17.309516046625955	0.0	594078	3095.3804335414	1.2
20316.792377561287	1200	17.596779131914822	0.0	624282	3712.7369147111317	1.2
20321.642205841563	1200	16.746950851635432	0.0	687371	4849.828280279392	1.2
20324.40112766175	1200	17.988029031450022	0.0	526950	2758.92182018541	1.2
20327.346200795764	1200	19.04295589743437	0.0	587876	2945.0731340156526	1.2
20333.16908342364	1850	17.2200732695586	0.0	966699	5822.882627875769	1.2000000000000002
20337.550824529822	1850	16.83833216337556	0.0	885714	4381.741106183038	1.85
20342.477369191183	1850	15.911787502015313	0.0	987708	4926.544661360249	1.85
20347.525874456296	1850	14.86328223690283	0.0	923755	5048.505265112485	1.85
20353.89425887383	1850	12.494897819374398	0.0	891604	6368.384417528432	1.85
20360.92330860861	1850	9.465848084593798	0.0	955231	7029.0497347805995	1.85
20365.461735784054	1200	8.927420909149474	0.0	656471	4538.427175444324	0.5499999999999999
20369.7700797442	1200	8.619076949000767	0.0	536667	4308.343960148706	1.2
20373.788971762	1200	8.600184931204446	0.0	587236	4018.8920177963223	1.2
20377.488769685297	1200	8.900387007904879	0.0	590335	3699.797923299565	1.2
20380.90861327476	1200	9.480543418442545	0.0	696376	3419.843589462334	1.2
20383.64605319249	1200	10.743103500714238	0.0	487160	2737.4399177283058	1.2
20388.34831118943	1200	10.040845503769917	0.0	622896	4702.257996944321	1.2
20392.729815971474	1200	9.659340721726618	0.0	641447	4381.504782043299	1.2
20397.598471451107	1200	8.790685242094845	0.0	570392	4868.655479631773	1.2
20403.813525315603	1200	6.5756313775979365	0.0	620283	6215.053864496909	1.2
20406.96324944966	750	7.425907243538731	0.0	369834	3149.7241340592054	0.3
20410.71515035817	750	7.674006335030969	0.0	412837	3751.9009085077623	0.75
20414.435651698303	750	7.953504994897204	0.0	401088	3720.5013401337633	0.75
20417.86761681142	750	8.521539881779827	0.0	365161	3431.965113117378	0.75
20420.959561490155	750	9.429595203043727	0.0	321064	3091.9446787361	0.75
20424.3990367775	750	9.990119915698374	0.0	361565	3439.475287345352	0.75
20427.949197114605	750	10.439959578593943	0.0	378327	3550.1603371044325	0.75
20432.131902548797	750	10.257254144403813	0.0	390680	4182.705434190129	0.75
20436.547868307585	750	9.84128838561586	0.0	345516	4415.965758787952	0.75
20441.26798322179	750	9.121173471412586	0.0	384505	4720.114914203274	0.75
20444.669408325622	750	9.719748367580632	0.0	372093	3401.4251038319553	0.75
20448.999824969716	750	9.38933172348895	0.0	438281	4330.416644091681	0.75
20452.99484567875	750	9.394311014456227	0.0	398987	3995.0207090327235	0.75
20456.807133847193	750	9.582022846015416	0.0	393804	3812.2881684408108	0.75
20462.888688525964	1200	7.5004681672425955	0.0	538612	6081.55467877282	0.75
20474.459219187287	1850	4.0	4.070062494078564	846370	11570.53066132116	-16.301268724537824

