1353.8287792393794	750	4.0	3.13772266060829	450283	3137.72266060829	-12.742207440615646
1354.798628897337	300	7.0301503420424005	0.0	155580	969.8496579575992	-0.15000000000000002
1355.6019131954235	300	10.22686604395588	0.0	139857	803.2842980865196	0.3
1356.3658863280116	300	13.462892911367828	0.0	155432	763.9731325880537	0.3
1357.1051661217443	300	16.723613117634933	0.0	163442	739.2797937328935	0.3
1358.1835094371206	750	19.645269802258838	0.0	318564	1078.3433153760986	0.3
1360.5922764948682	1850	21.236502744511302	0.0	905515	2408.7670577475365	0.75
1363.1856201903836	1850	22.643159048995784	0.0	1060487	2593.343695515516	1.85
1367.452812645715	2850	22.37596659366416	0.0	1348011	4267.192455331625	1.85
1377.1127951417607	2850	16.715984097618694	0.0	1429765	9659.982496045468	2.85
1387.3699766963866	1850	10.458802542992643	0.0	939819	10257.18155462605	0.8500000000000001
1390.7409497783058	750	11.08782946107362	0.0	405134	3370.9730819190254	-0.3500000000000001
1392.1844833527348	750	13.644295886644656	0.0	386351	1443.5335744289634	0.75
1393.9076165012532	750	15.92116273812619	0.0	434409	1723.1331485184648	0.75
1395.1210682773524	750	18.707710962026898	0.0	337059	1213.4517760992942	0.75
1396.3165248857617	750	21.512254353617674	0.0	366214	1195.456608409222	0.75
1399.3893406095603	1850	22.439438629819225	0.0	966699	3072.81572379845	0.75
1403.846109345398	2850	21.982669893981626	0.0	1358801	4456.768735837601	1.85
1408.9848366764609	2850	20.84394256291858	0.0	1537156	5138.7273310630435	2.85
1412.8129870055996	2850	21.015792233779933	0.0	1336050	3828.1503291386502	2.85
1418.0843359633336	2850	19.74444327604579	0.0	1415116	5271.3489577341425	2.85
1423.1090581517785	2850	18.719721087600885	0.0	1468126	5024.722188444906	2.85
1426.9780078783235	2850	18.850771361055894	0.0	1505760	3868.9497265449922	2.85
1430.0695444673827	2850	19.759234771996937	0.0	1323990	3091.5365890589555	2.85
1433.8241462598487	2850	20.00463297953091	0.0	1383735	3754.6017924660255	2.85
1437.8182457842938	2850	20.010533455085728	0.0	1480464	3994.0995244451824	2.85
1442.3741301374685	2850	19.45464910191117	0.0	1547572	4555.884353174561	2.85
1445.3988361977308	2850	20.429943041648674	0.0	1141971	3024.7060602625006	2.85
1448.7975791411316	2850	21.031200098247886	0.0	1498470	3398.742943400788	2.85
1453.9559400428216	4300	19.87283919655796	0.0	2164140	5158.360901689929	2.8499999999999996
1459.8579167245637	4300	17.970862514815863	0.0	2113193	5901.976681742093	4.3
1465.4021244873577	4300	16.42665475202172	0.0	2147852	5544.207762794147	4.3
1471.9122520227554	4300	13.916527216624138	0.0	2191074	6510.127535397581	4.3
1481.1677960243019	4300	8.660983215077692	0.0	2286761	9255.544001546445	4.3
1487.654390370198	2850	6.174388869181733	0.0	1492672	6486.59434589596	1.4000000000000001
1491.9214959908295	2850	5.907283248550082	0.0	1439896	4267.105620631651	2.85
1494.2125557641625	1850	7.616223475217061	0.0	728962	2291.0597733330214	0.8500000000000001
1496.931520832808	1850	8.89725840657149	0.0	938587	2718.9650686455693	1.85
1499.5592797990585	1850	10.269499440320871	0.0	908665	2627.7589662506193	1.85
1502.7683434453043	1850	11.060435794075016	0.0	930577	3209.063646245854	1.85
1507.615480689056	2850	10.213298550323357	0.0	1339500	4847.13724375166	1.85
1513.3193257202845	2850	8.509453519094626	0.0	1527299	5703.8450312287305	2.85
1517.9542898547425	2850	7.874489384636829	0.0	1343002	4634.964134457798	2.85
1522.1642061653104	2850	7.664573074068718	0.0	1587250	4209.916310568111	2.85
1527.6335096593114	2850	6.195269580067984	0.0	1464921	5469.303494000734	2.85
1534.633318602097	2850	4.0	0.8045393627178155	1483527	6999.808942785799	-0.6095192596866061
1537.5398491497474	1850	5.093469452349693	0.0	830730	2906.5305476503077	0.8500000000000001
1540.8275856683954	2850	5.80573293370177	0.0	1364537	3287.736518647923	1.85

