9292.209128781153	750	4.0	2.572266498290951	450283	2572.266498290951	-10.310745942651089
9294.353247760224	750	5.855881020930088	0.0	398865	2144.1189790699123	0.75
9301.127036834716	750	4.0	0.9179080535625963	350812	6773.789074492684	-3.197004630319164
9303.715910236218	300	5.4111265984976855	0.0	155432	2588.873401502315	-0.15000000000000002
9306.638174399939	300	6.488862434777878	0.0	163442	2922.2641637198076	0.3
9308.839179713608	300	8.287857121107965	0.0	126289	2201.0053136699134	0.3
9311.893559915035	300	9.233476919680362	0.0	153295	3054.380201427604	0.3
9315.710941112191	300	9.41609572252596	0.0	173849	3817.3811971544023	0.3
9318.400093041717	300	10.726943793001197	0.0	150710	2689.151929524762	0.3
9321.187906715197	300	11.939130119519348	0.0	139105	2787.81367348185	0.3
9324.549720728646	300	12.577316106070727	0.0	141840	3361.8140134486216	0.3
9327.592145624407	300	13.53489121031171	0.0	156148	3042.4248957590175	0.3
9329.97808422864	300	15.148952606077124	0.0	160746	2385.938604234586	0.3
9332.2488472876	300	16.878189547119348	0.0	179801	2270.7630589577734	0.3
9334.082754461237	300	19.04428237348231	0.0	140051	1833.90717363704	0.3
9335.875983921425	300	21.25105291329274	0.0	138313	1793.2294601895715	0.3
9337.625250103654	300	23.501786731063987	0.0	143509	1749.266182228753	0.3
9341.241461174317	750	23.885575660401184	0.0	372963	3616.2110706628055	0.3
9343.785324970464	750	25.34171186425452	0.0	405596	2543.863796146664	0.75
9345.728922746997	750	27.39811408772106	0.0	350713	1943.5977765334605	0.75
9348.487009067112	1200	28.64002776760567	0.0	601738	2758.086320115391	0.75
9352.464750003272	1200	28.66228683144686	0.0	616206	3977.7409361588084	1.2
9367.623235060002	1850	17.503801774714272	0.0	968026	15158.48505673259	1.2000000000000002
9374.988020633671	750	14.139016201045452	0.0	343800	7364.7855736688225	-0.3500000000000001
9380.948572032044	750	12.178464802673592	0.0	359903	5960.551398371859	0.75
9382.99559126712	300	14.1314455675973	0.0	153938	2047.0192350762918	-0.15000000000000002
9385.490316357955	300	15.636720476761667	0.0	181901	2494.725090835632	0.3
9386.861793526266	300	18.265243308451602	0.0	111155	1371.477168310065	0.3
9388.491424413336	300	20.635612421380173	0.0	153605	1629.6308870714283	0.3
9390.415265119143	300	22.71177171557346	0.0	149029	1923.840705806715	0.3
9393.329105092509	750	23.79793174220838	0.0	358218	2913.8399733650767	0.3
9396.751752628117	750	24.375284206600227	0.0	400322	3422.6475356081546	0.75
9402.799292996411	750	22.327743838308436	0.0	369834	6047.540368291791	0.75
9406.841426317518	750	22.28561051719986	0.0	412837	4042.133321108576	0.75
9410.979671202138	750	22.14736563258106	0.0	401088	4138.244884618804	0.75
9415.171237953087	750	21.955798881631264	0.0	365161	4191.5667509497935	0.75
9417.63466537177	750	23.49237146294829	0.0	321064	2463.4274186829734	0.75
9419.760291132143	750	25.366745702574935	0.0	361565	2125.6257603733566	0.75
9424.054622707483	1200	25.07241412723558	0.0	605884	4294.33157533936	0.75
9428.15521672399	1200	24.97182011072836	0.0	587506	4100.594016507219	1.2
9432.151561193072	1200	24.975475641647158	0.0	566904	3996.344469081204	1.2
9435.849672494845	1200	25.27736433987334	0.0	641452	3698.1113017738185	1.2
9439.169661793412	1200	25.95737504130536	0.0	599477	3319.9892985679808	1.2
9443.88562697322	1200	25.241409861496575	0.0	634861	4715.965179808787	1.2
9459.672800983839	1850	13.45423585087806	0.0	958994	15787.174010618513	1.2000000000000002
9466.4614350546	750	10.665601780116331	0.0	393804	6788.634070761729	-0.3500000000000001
9469.891339792284	750	11.235697042431005	0.0	331053	3429.9047376853273	0.75
9474.521716721429	1200	10.605320113287583	0.0	550906	4630.376929143422	0.75

