21223.294045720257	750	4.0	1.1823497891980714	450283	1182.3497891980714	-4.334104093551707
21224.25788649843	750	7.036159221826023	0.0	398865	963.8407781739772	0.75
21226.655278180995	1850	8.638767539264899	0.0	877771	2397.3916825611223	0.75
21228.725134147295	1850	10.568911572965764	0.0	933276	2069.8559662991347	1.85
21231.10621517408	1850	12.187830546181742	0.0	996749	2381.081026784022	1.85
21233.136787140527	1850	14.15725857973657	0.0	801058	2030.5719664451724	1.85
21238.679309428826	4300	12.614736291438069	0.0	2157535	5542.522288298501	1.8499999999999996
21244.169313888204	4300	11.124731832059238	0.0	2290172	5490.004459378831	4.3
21250.724317122796	4300	8.569728597467703	0.0	2055469	6555.003234591534	4.3
21254.356161735006	2850	8.937883985257454	0.0	1429765	3631.8446122102496	1.4000000000000001
21257.80580934551	2850	9.488236374753113	0.0	1354548	3449.64761050434	2.85
21262.078313243666	2850	9.215732476596425	0.0	1519951	4272.503898156687	2.85
21266.04853926364	2850	9.245506456621499	0.0	1422919	3970.2260199749267	2.85
21270.25581365727	2850	9.038232062991561	0.0	1578343	4207.274393629938	2.85
21273.04742713297	2850	10.246618587292001	0.0	1231445	2791.6134756995602	2.85
21277.22073475667	2850	10.073310963588618	0.0	1471065	4173.307623703384	2.85
21281.193026305213	2850	10.101019415047576	0.0	1491626	3972.2915485410417	2.85
21284.823780933646	2850	10.470264786615122	0.0	1358801	3630.7546284324544	2.85
21289.75518417241	2850	9.53886154785103	0.0	1537156	4931.403238764093	2.85
21293.361924776505	2850	9.932120943756477	0.0	1336050	3606.740604094551	2.85
21296.44165411515	2850	10.85239160510962	0.0	1415116	3079.7293386468577	2.85
21299.710453666972	2850	11.583592053287898	0.0	1468126	3268.7995518217226	2.85
21303.407053833685	2850	11.886991886575323	0.0	1505760	3696.600166712573	2.85
21306.818846711278	2850	12.47519900898502	0.0	1323990	3411.792877590304	2.85
21309.79859670865	2850	13.495449011616714	0.0	1383735	2979.7499973683066	2.85
21312.96104258657	2850	14.333003133695447	0.0	1480464	3162.445877921267	2.85
21318.01442565894	4300	13.279620061321886	0.0	2395588	5053.383072373561	2.8499999999999996
21323.4339854885	4300	11.860060231760999	0.0	1972048	5419.559829560887	4.3
21330.2712418773	4300	9.022803842960528	0.0	2134614	6837.2563888004715	4.3
21338.047310734404	2850	5.246734985859163	0.0	1561263	7776.068857101364	1.4000000000000001
21340.0862381698	1200	7.207807550462105	0.0	570392	2038.927435397059	-0.44999999999999996
21342.13006220309	1200	9.163983517172582	0.0	620283	2043.8240332895225	1.2
21344.25557329707	1200	11.038472423194952	0.0	584349	2125.5110939776323	1.2
21346.286852412843	1200	13.007193307422387	0.0	670129	2031.2791157725649	1.2
21348.261815445225	1200	15.032230275037703	0.0	690253	1974.9630323846834	1.2
21354.26668468124	2850	13.027361039022704	0.0	1439896	6004.869236014999	1.2000000000000002
21358.47019318222	2850	12.823852538043914	0.0	1139291	4203.508500978791	2.85
21365.553464941342	2850	9.74058077892019	0.0	1499009	7083.271759123724	2.85
21370.381287898585	2850	8.912757821677666	0.0	1427478	4827.822957242524	2.85
21373.275097256203	1850	10.018948464061053	0.0	930577	2893.8093576166125	0.8500000000000001
21375.985523439773	1850	11.308522280490394	0.0	858450	2710.4261835706593	1.85
21378.62804167437	1850	12.66600404589402	0.0	1025005	2642.5182345963726	1.85
21380.68945129369	1850	14.604594426575654	0.0	886255	2061.409619318367	1.85
21383.035471243755	1850	16.258574476509207	0.0	973972	2346.0199500664453	1.85
21388.37456080048	4300	14.919484919785212	0.0	2124950	5339.089556723994	1.8499999999999996
21393.943815984803	4300	13.35022973545855	0.0	2246506	5569.255184326663	4.3
21398.939836149173	4300	12.35420957108843	0.0	1961140	4996.020164370118	4.3
21405.551975897983	4300	9.742069822279324	0.0	2155012	6612.139748809105	4.3

