7982.548916184931	750	4.0	2.288238812003366	450283	2288.238812003366	-9.089426891614474
7985.243124596609	750	5.305791588322136	0.0	398865	2694.2084116778638	0.75
7987.449052328977	750	7.099863855953809	0.0	350812	2205.9277323683264	0.75
7989.0688809188705	750	9.480035266059609	0.0	382355	1619.8285898942004	0.75
7991.7943977893	1200	10.754518395629704	0.0	652874	2725.516870429905	0.75
7994.177703701211	1200	12.37121248371888	0.0	520315	2383.3059119108243	1.2
7996.2781265709555	1200	14.270789613973736	0.0	561791	2100.4228697451435	1.2
8001.32361403995	1850	13.225302144979244	0.0	1060487	5045.487468994493	1.2000000000000002
8004.735309489596	1850	13.81360669533405	0.0	852833	3411.695449645193	1.85
8010.416603629739	1850	12.1323125551908	0.0	913888	5681.294140143249	1.85
8014.105275661966	1850	12.443640522963602	0.0	939819	3688.6720322272	1.85
8018.202709211024	1850	12.346206973905911	0.0	917428	4097.433549057691	1.85
8022.6841209999275	1850	11.864795185001531	0.0	946851	4481.41178890438	1.85
8026.67855816039	1850	11.87035802453952	0.0	1036454	3994.43716046201	1.85
8031.124658354953	1850	11.42425782997663	0.0	821631	4446.1001945628905	1.85
8034.354216417781	1850	12.194699767148235	0.0	923170	3229.5580628283956	1.85
8036.972834280276	1850	13.576081904652899	0.0	966699	2618.617862495336	1.85
8041.340031399809	1850	13.208884785120725	0.0	885714	4367.197119532174	1.85
8045.294212758079	1850	13.25470342685035	0.0	987708	3954.181358270375	1.85
8049.841885874332	1850	12.707030310597503	0.0	923755	4547.673116252846	1.85
8054.007660677542	1850	12.541255507387616	0.0	891604	4165.774803209888	1.85
8058.013332144152	1850	12.535584040778488	0.0	955231	4005.6714666091266	1.85
8063.88726150086	1850	10.661654684068955	0.0	968026	5873.929356709534	1.85
8068.295273153501	1850	10.253643031428496	0.0	874175	4408.01165264046	1.85
8072.953114642027	1850	9.595801542902434	0.0	897976	4657.841488526061	1.85
8077.063007795295	1850	9.485908389634606	0.0	905935	4109.893153267829	1.85
8081.248674563144	1850	9.30024162178495	0.0	1076599	4185.666767849655	1.85
8083.860274700714	1850	10.68864148421546	0.0	758197	2611.60013756949	1.85
8087.284682144638	1850	11.264234040291747	0.0	972798	3424.4074439237115	1.85
8091.788495493137	1850	10.760420691792508	0.0	975811	4503.813348499239	1.85
8096.705682831676	1850	9.843233353253455	0.0	873429	4917.1873385390545	1.85
8103.134214000767	1850	7.4147021841635	0.0	954453	6428.531169089954	1.85
8106.569675863439	1200	7.979240321491648	0.0	584349	3435.461862671851	0.5499999999999999
8109.330250325506	1200	9.21866585942438	0.0	670129	2760.574462067268	1.2
8111.98496144504	1200	10.563954739891082	0.0	690253	2654.7111195332977	1.2
8113.974743852445	1200	12.574172332485936	0.0	598727	1989.7824074051457	1.2
8115.80757198856	1200	14.741344196370587	0.0	487812	1832.8281361153488	1.2
8118.508931751218	1200	16.03998443371183	0.0	575591	2701.359762658757	1.2
8121.245987205889	1200	17.302928979041365	0.0	605884	2737.055454670467	1.2
8124.122474879595	1200	18.426441305335892	0.0	587506	2876.4876737054733	1.2
8127.033479349922	1850	19.51543683500767	0.0	858450	2911.0044703282233	1.2000000000000002
8131.0181902946915	1850	19.530725890238756	0.0	1025005	3984.7109447689145	1.85
8136.845876857806	1850	17.70303932712384	0.0	886255	5827.686563114915	1.85
8140.755006944404	1850	17.793909240525675	0.0	973972	3909.1300865981625	1.85
8144.817845557405	1850	17.73107062752398	0.0	958994	4062.8386130016966	1.85
8150.40155255022	2850	16.147363634709393	0.0	1483527	5583.706992814585	1.85
8156.003397386725	2850	14.545518798203819	0.0	1231456	5601.8448365055765	2.85
8165.47533483974	2850	9.073581345189055	0.0	1364537	9471.937453014763	2.85

