17979.281816606464	750	4.0	1.6132241480558394	450283	1613.2241480558394	-6.186863836640109
17980.843268408706	750	6.438548197762211	0.0	398865	1561.4518022377888	0.75
17982.54071590991	750	8.741100696558858	0.0	350812	1697.4475012033529	0.75
17985.341060529063	1200	9.940756077402176	0.0	617681	2800.344619156683	0.75
17989.75905176826	1850	9.522764838208797	0.0	996749	4417.991239193377	1.2000000000000002
17992.391520732424	1850	10.890295874040119	0.0	801058	2632.468964168679	1.85
17995.077799206374	1850	12.204017400091166	0.0	905515	2686.278473948953	1.85
17998.507448999717	1850	12.774367606745768	0.0	1060487	3429.6497933453984	1.85
18002.325040352574	1850	12.956776253888249	0.0	852833	3817.591352857518	1.85
18006.37777242168	1850	12.904044184783066	0.0	913888	4052.7320691051837	1.85
18012.314517699684	1850	10.967298906779531	0.0	939819	5936.745278003534	1.85
18019.038390064114	1850	8.243426542352795	0.0	917428	6723.872364426736	1.85
18024.364061428972	1200	6.917755177492345	0.0	624282	5325.671364860451	0.5499999999999999
18030.85929012963	1200	4.422526476836943	0.0	687371	6495.2287006554025	1.2
18032.119352699527	300	7.162463906938648	0.0	140051	1260.0625698982938	-0.6000000000000001
18033.207905773834	300	10.073910832632116	0.0	138313	1088.5530743065315	0.3
18034.03024527003	300	13.251571336434273	0.0	143509	822.339496197845	0.3
18034.85255542996	300	16.429261176508888	0.0	150616	822.3101599253849	0.3
18037.224872470346	750	18.056944136122162	0.0	405596	2372.3170403867252	0.3
18039.229947902815	750	20.051868703652648	0.0	350713	2005.0754324695165	0.75
18042.05135534565	1200	21.230461260815336	0.0	601738	2821.40744283731	0.75
18047.59894141	1850	19.682875196467034	0.0	955231	5547.586064348302	1.2000000000000002
18059.75223855086	1850	11.52957805560836	0.0	968026	12153.297140858675	1.85
18062.188427479865	750	13.093389126606791	0.0	343800	2436.188929001568	-0.3500000000000001
18064.981847143605	750	14.299969462863512	0.0	359903	2793.419663743279	0.75
18067.340236597385	750	15.94158000908392	0.0	379700	2358.389453779591	0.75
18069.213173167638	750	18.068643438832325	0.0	425781	1872.936570251594	0.75
18070.17779411151	750	21.104022494963097	0.0	277716	964.6209438692263	0.75
18071.48728745064	750	23.794529155831498	0.0	400396	1309.4933391316001	0.75
18074.949080211143	1850	24.33273639532815	0.0	975811	3461.7927605033437	0.75
18077.914641179064	1850	25.36717542740569	0.0	873429	2965.560967922463	1.85
18081.782332979146	2850	25.499483627324263	0.0	1497683	3867.691800081431	1.85
18085.28379712806	2850	25.99801947841183	0.0	1358081	3501.4641489124283	2.85
18090.752768527953	2850	24.52904807851942	0.0	1587293	5468.9713998924135	2.85
18097.84483427853	2850	21.436982327937653	0.0	1492672	7092.065750581764	2.85
18108.32395201593	2850	14.957864590541668	0.0	1439896	10479.117737395987	2.85
18111.61033493899	1850	15.671481667482794	0.0	728962	3286.382923058873	0.8500000000000001
18114.63071563288	1200	16.651100973587425	0.0	575591	3020.3806938953708	0.5499999999999999
18117.61972659763	1200	17.66209000883995	0.0	605884	2989.0109647474765	1.2
18119.644008247207	1200	19.63780835926114	0.0	587506	2024.2816495788097	1.2
18122.3383681455	1200	20.943448460965275	0.0	566904	2694.359898295865	1.2
18125.21382622959	1200	22.067990376882168	0.0	641452	2875.458084083109	1.2
18128.801111712113	1850	22.48070489435501	0.0	886255	3587.2854825271565	1.2000000000000002
18135.140041020994	2850	20.141775585473624	0.0	1587250	6338.9293088813865	1.85
18140.583984076984	2850	18.697832529481996	0.0	1464921	5443.943055991627	2.85
18148.440029940728	4300	14.841786665738164	0.0	2246506	7856.0458637438305	2.8499999999999996
18154.28705028937	4300	12.994766317095698	0.0	1961140	5847.020348642467	4.3
18160.173165832795	4300	11.108650773671972	0.0	2155012	5886.115543423724	4.3

