7223.112071775712	750	4.0	6.8100179178166504	450283	6810.017917816651	-28.533077046611595
7224.276387076031	300	6.835684699681131	0.0	155580	1164.3153003188686	-0.15000000000000002
7225.234520627452	300	9.877551148259398	0.0	139857	958.1335514217336	0.3
7226.363584070342	300	12.748487705369673	0.0	155432	1129.0634428897242	0.3
7229.371813318215	750	13.74025845749655	0.0	411561	3008.2292478731233	0.3
7231.614731964401	750	15.497339811309779	0.0	318564	2242.918646186771	0.75
7234.1634548080165	750	16.94861696769454	0.0	352642	2548.72284361524	0.75
7239.265979187852	1200	15.846092587858074	0.0	709534	5102.5243798364645	0.75
7244.5064861676965	1200	14.60558560801468	0.0	584846	5240.506979843394	1.2
7248.7636398227005	1200	14.348431953011346	0.0	560821	4257.153655003334	1.2
7253.474534525707	1200	13.637537250004199	0.0	607410	4710.894703007148	1.2
7258.247956246806	1200	12.864115528905076	0.0	594078	4773.421721099123	1.2
7265.599256956067	1200	9.51281481964479	0.0	624282	7351.3007092602875	1.2
7271.036302049109	750	8.07576972660303	0.0	434409	5437.045093041759	0.3
7274.031866496529	750	9.080205279183177	0.0	337059	2995.564447419852	0.75
7277.4966822292035	750	9.61538954650864	0.0	366214	3464.8157326745377	0.75
7281.143084739553	750	9.96898703615906	0.0	360831	3646.4025103495787	0.75
7284.9514364278875	750	10.16063534782392	0.0	372963	3808.351688335141	0.75
7288.684162668044	750	10.42790910766704	0.0	405596	3732.72624015688	0.75
7292.151931406324	750	10.960140369386743	0.0	350713	3467.768738280296	0.75
7295.501837716875	750	11.610234058836232	0.0	386472	3349.9063105505124	0.75
7299.318936110138	750	11.793135665574109	0.0	399894	3817.0983932621216	0.75
7305.440129190209	750	9.671942585503345	0.0	401853	6121.193080070766	0.75
7309.214598215629	750	9.89747356008278	0.0	343800	3774.469025420564	0.75
7313.1438470220255	750	9.968224753686556	0.0	359903	3929.248806396225	0.75
7317.197849121225	750	9.914222654486972	0.0	379700	4054.002099199584	0.75
7322.102490935327	750	9.009580840384585	0.0	425781	4904.641814102388	0.75
7328.60056941057	750	6.511502365142059	0.0	277716	6498.078475242525	0.75
7332.221121868498	300	6.890949907214501	0.0	153605	3620.5524579275584	-0.15000000000000002
7335.472577134882	300	7.639494640830145	0.0	149029	3251.4552663843547	0.3
7338.343892460183	300	8.768179315528826	0.0	157421	2871.3153253013193	0.3
7340.530082523198	300	10.58198925251417	0.0	157488	2186.1900630146565	0.3
7341.468370103138	300	13.64370167257389	0.0	143881	938.2875799402786	0.3
7342.657132894468	300	16.4549388812442	0.0	163444	1188.7627913296883	0.3
7343.899580490901	300	19.212491284811694	0.0	179328	1242.4475964325084	0.3
7347.922503579047	750	19.189568196665977	0.0	365161	4022.9230881457174	0.3
7350.596894598288	750	20.51517717742495	0.0	321064	2674.3910192410244	0.75
7353.1109902751305	750	22.001081500581776	0.0	361565	2514.0956768431743	0.75
7355.414774364338	750	23.697297411374525	0.0	378327	2303.784089207249	0.75
7358.976028351236	1200	24.136043424476295	0.0	587506	3561.2539868982312	0.75
7362.697769586054	1200	24.414302189657477	0.0	566904	3721.7412348188195	1.2
7370.850485973374	1850	20.26158580233783	0.0	1025005	8152.716387319644	1.2000000000000002
7378.782285056392	1850	16.329786719319813	0.0	886255	7931.799083018017	1.85
7386.400291322061	1850	12.71178045365047	0.0	973972	7618.006265669345	1.85
7394.450586779144	1850	8.66148499656795	0.0	958994	8050.29545708252	1.85
7399.351453768958	1200	7.760618006753303	0.0	638661	4900.866989814646	0.5499999999999999
7403.506214104182	1200	7.605857671530011	0.0	538612	4154.760335223293	1.2
7409.73351161624	1850	5.378560159471556	0.0	846370	6227.297512058454	1.2000000000000002

