390.8230817988021	750	4.0	2.566216384271528	450283	2566.216384271528	-10.28473045236757
391.7329231024421	300	7.0901586963599605	0.0	155580	909.8413036400393	-0.15000000000000002
392.4219804654466	300	10.401101333355498	0.0	139857	689.0573630044631	0.3
393.8000344003081	750	13.02304739849401	0.0	382355	1378.0539348614893	0.3
396.03004691653354	1200	14.793034882268536	0.0	652874	2230.012516225473	0.75
397.6718042965701	1200	17.151277502232002	0.0	520315	1641.7573800365333	1.2
399.46333430822136	1200	19.359747490580734	0.0	561791	1791.5300116512678	1.2
404.9528230014428	2850	17.870258797359273	0.0	1638769	5489.4886932214595	1.2000000000000002
409.96054883061197	2850	16.862532968190113	0.0	1348011	5007.725829169163	2.85
416.3135320146281	2850	14.509549784173956	0.0	1429765	6352.983184016157	2.85
421.7681065278868	2850	13.054975270915248	0.0	1354548	5454.574513258707	2.85
427.81805100085046	2850	11.005030797951596	0.0	1519951	6049.944472963653	2.85
435.2271973382459	2850	7.595884460556148	0.0	1422919	7409.146337395448	2.85
440.76927726436236	1850	6.053804534439718	0.0	1036454	5542.07992611643	0.8500000000000001
448.9059689313274	1850	4.0	2.0828871325253204	821631	8136.691666965038	-7.106414669858879
450.5632985539137	300	6.342670377413763	0.0	138313	1657.329622586237	-1.25
451.9392491041494	300	8.96671982717799	0.0	143509	1375.9505502357733	0.3
453.148291668978	300	11.75767726234941	0.0	150616	1209.0425648285789	0.3
454.49080057238314	300	14.415168358944237	0.0	165384	1342.5089034051723	0.3
455.7570775303988	300	17.148891400928584	0.0	140881	1266.2769580156537	0.3
457.2870398461572	300	19.618929085170176	0.0	157671	1529.9623157584056	0.3
461.70783024620897	750	19.19813868511835	0.0	399894	4420.790400051824	0.3
468.43929368152396	1200	16.4666752498034	0.0	656471	6731.463435314951	0.75
471.8823593888295	1200	17.02360954249782	0.0	536667	3443.065707305579	1.2
475.20680653480076	1200	17.69916239652656	0.0	587236	3324.4471459712568	1.2
478.2200371095127	1200	18.68593182181457	0.0	590335	3013.23057471199	1.2
481.5364152859496	1200	19.369553645377703	0.0	696376	3316.3781764368664	1.2
484.0240078002385	1200	20.881961131088822	0.0	487160	2487.5925142888823	1.2
488.7364138390971	1850	20.169555092230162	0.0	972798	4712.406038858657	1.2000000000000002
494.4972670323091	1850	18.408701899018233	0.0	975811	5760.853193211929	1.85
499.9355418645388	1850	16.97042706678853	0.0	873429	5438.2748322297	1.85
510.25841209364046	1850	10.647556837686837	0.0	954453	10322.870229101694	1.85
513.7082090295421	750	11.197759901785206	0.0	369834	3449.796935901631	-0.3500000000000001
516.504276258407	750	12.401692672920245	0.0	412837	2796.0672288649625	0.75
518.9249021104824	750	13.981066820844859	0.0	401088	2420.625852075386	0.75
521.602460569582	750	15.30350836174528	0.0	365161	2677.5584590995795	0.75
524.3922301901025	750	16.513738741224806	0.0	321064	2789.7696205204716	0.75
528.5586955997388	1200	16.34727333158839	0.0	575591	4166.4654096364175	0.75
533.4217648205287	1200	15.48420411079858	0.0	605884	4863.069220789811	1.2
538.409490331374	1200	14.496478599953251	0.0	587506	4987.725510845327	1.2
544.3794563706336	1200	12.52651256069362	0.0	566904	5969.966039259631	1.2
550.5551239477027	1200	10.35084498362463	0.0	641452	6175.667577068991	1.2
554.6778497216395	1200	10.228119209687836	0.0	599477	4122.725773936792	1.2
559.1567741761704	750	9.749194755156863	0.0	438281	4478.924454530975	0.3
564.3701116446763	750	8.535857286651053	0.0	398987	5213.33746850581	0.75
568.7782167193465	750	8.127752211980921	0.0	393804	4408.105074670132	0.75
571.8093879572054	750	9.09658097412196	0.0	331053	3031.1712378589605	0.75
583.649733685293	1850	4.0	2.743764753965597	846370	11840.345728087557	-11.048188442052068

