4952.133326736678	750	4.0	3.5333118074124745	450283	3533.3118074124745	-14.44324077187364
4956.45954535171	750	4.0	0.3262186150318439	398865	4326.218615031844	-0.6527400446369287
4957.914080230588	300	6.545465121122313	0.0	139857	1454.534878877686	-0.15000000000000002
4959.362227988227	300	9.097317363484416	0.0	155432	1448.1477576378954	0.3
4962.839012355971	750	9.620532995740039	0.0	411561	3476.7843677443784	0.3
4966.2704880384335	750	10.189057313277122	0.0	318564	3431.475682462916	0.75
4971.974443840165	750	8.485101511546578	0.0	352642	5703.955801730544	0.75
4976.290021684205	750	8.16952366750644	0.0	437162	4315.577844040139	0.75
4980.110228263858	750	8.349317087853612	0.0	374758	3820.2065796528273	0.75
4986.420933367426	750	6.038611984285301	0.0	362795	6310.705103568311	0.75
4988.924023846088	300	7.535521505623394	0.0	141840	2503.0904786619067	-0.15000000000000002
4990.816795420811	300	9.642749930900047	0.0	156148	1892.7715747233474	0.3
4992.281121890305	300	12.178423461405778	0.0	160746	1464.3264694942682	0.3
4994.293691920022	300	14.16585343168961	0.0	179801	2012.5700297161677	0.3
4995.531501454632	300	16.928043897079107	0.0	140051	1237.8095346105017	0.3
4998.374480939514	750	18.0850644121965	0.0	366214	2842.9794848826104	0.3
5001.255760373034	750	19.203784978676733	0.0	360831	2881.2794335197655	0.75
5004.317301001069	750	20.142244350641633	0.0	372963	3061.5406280350994	0.75
5009.494500453964	1200	18.965044897747045	0.0	639204	5177.199452894586	0.75
5014.316874616421	1200	18.142670735289908	0.0	586839	4822.3741624571385	1.2
5020.222761125548	1200	16.236784226163245	0.0	601738	5905.886509126663	1.2
5024.967636060402	1200	15.491909291309447	0.0	616206	4744.874934853795	1.2
5030.874248477315	1200	13.585296874396636	0.0	656471	5906.6124169128125	1.2
5035.954198601776	1200	12.505346749935129	0.0	536667	5079.9501244615085	1.2
5041.114257577883	1200	11.345287773827838	0.0	587236	5160.05897610729	1.2
5046.048530956329	1200	10.411014395382415	0.0	590335	4934.273378445423	1.2
5051.806900704637	1200	8.652644647074482	0.0	696376	5758.369748307933	1.2
5057.064589780761	1200	7.394955570950874	0.0	487160	5257.689076123607	1.2
5060.68083469319	750	7.778710658521526	0.0	400396	3616.2449124293485	0.3
5063.994544108	750	8.465001243712722	0.0	400508	3313.7094148088036	0.75
5069.110264231545	750	7.349281120166269	0.0	358218	5115.720123546454	0.75
5074.394486849205	750	6.06505850250686	0.0	400322	5284.2226176594095	0.75
5075.700709229791	300	8.758836121921634	0.0	143881	1306.222380585224	-0.15000000000000002
5077.126590024071	300	11.332955327640793	0.0	163444	1425.8807942808412	0.3
5079.040747646878	300	13.418797704833691	0.0	179328	1914.1576228071026	0.3
5080.979518880007	300	15.480026471704896	0.0	159914	1938.7712331287953	0.3
5087.026251683607	750	13.433293668104419	0.0	321064	6046.732803600476	0.3
5089.083301685985	300	15.376243665727358	0.0	124011	2057.050002377062	-0.15000000000000002
5090.868435831338	300	17.59110952037564	0.0	144254	1785.1341453517205	0.3
5092.184119033311	300	20.275426318402182	0.0	149991	1315.6832019734525	0.3
5093.910515382751	300	22.54902996896147	0.0	147968	1726.3963494407153	0.3
5095.4384690782845	300	25.021076273427383	0.0	161857	1527.9536955340873	0.3
5098.3240053826285	750	26.13553996908361	0.0	372093	2885.5363043437715	0.3
5101.8281351186715	750	26.631410233039716	0.0	438281	3504.1297360438957	0.75
5107.1086535161885	1200	25.350891835523203	0.0	630203	5280.518397516514	0.75
5114.885665603083	1850	21.573879748628755	0.0	982064	7777.012086894448	1.2000000000000002
5125.593291731967	2850	14.866253619744622	0.0	1231456	10707.626128884132	1.85
5138.057478547687	2850	6.4020668040239475	0.0	1364537	12464.186815720675	2.85

