203.64751708580275	750	4.0	2.8275693741498356	450283	2827.5693741498358	-11.408548308844292
205.49926341347154	750	6.1482536723311885	0.0	398865	1851.7463276688115	0.75
207.19948619240571	750	8.448030893397023	0.0	350812	1700.222778934165	0.75
212.6600732732262	750	6.987443812576515	0.0	382355	5460.587080820507	0.75
219.59042571739622	750	4.057091368406494	0.0	411561	6930.352444170021	0.75
222.1159940614042	300	5.53152302439853	0.0	126289	2525.568344007964	-0.15000000000000002
224.78926835467544	300	6.8582487311272775	0.0	153295	2673.2742932712536	0.3
227.66760173130706	300	7.979915354495662	0.0	173849	2878.3333766316146	0.3
231.55950927956218	300	8.088007806240514	0.0	150710	3891.907548255149	0.3
236.209404741706	300	7.438112344096692	0.0	139105	4649.8954621438215	0.3
239.9106358018915	300	7.736881283911233	0.0	141840	3701.23106018546	0.3
243.45043936463918	300	8.197077721163533	0.0	156148	3539.8035627477	0.3
246.494522959403	300	9.15299412639968	0.0	160746	3044.083594763853	0.3
249.64879436372334	300	9.998722722079368	0.0	179801	3154.2714043203114	0.3
252.3478569245202	300	11.299660161282512	0.0	140051	2699.062560796856	0.3
255.09005752387216	300	12.557459561930552	0.0	138313	2742.200599351962	0.3
258.5506493168857	300	13.096867768917	0.0	143509	3460.5917930135515	0.3
262.0841835141399	300	13.563333571662788	0.0	150616	3533.534197254213	0.3
265.3885614931135	300	14.258955592689189	0.0	165384	3304.3779789735995	0.3
267.8507489108748	300	15.796768174927902	0.0	140881	2462.187417761286	0.3
270.7324671419557	300	16.91504994384703	0.0	157671	2881.718231080873	0.3
273.7068728955283	300	17.940644190274394	0.0	157812	2974.4057535726342	0.3
277.08589188158373	300	18.56162520421898	0.0	163927	3379.0189860554146	0.3
281.08366557805437	300	18.563851507748314	0.0	137654	3997.7736964706664	0.3
286.082994596558	300	17.564522489244677	0.0	146754	4999.329018503633	0.3
287.5686215496383	300	20.078895536164445	0.0	153938	1485.6269530802351	0.3
289.1620399181574	300	22.485477167645318	0.0	181901	1593.4183685191292	0.3
290.1905131666431	300	25.45700391915958	0.0	111155	1028.473248485736	0.3
291.66684828070265	300	27.980668805100006	0.0	153605	1476.335114059574	0.3
293.19154572216996	300	30.45597136363267	0.0	149029	1524.6974414673332	0.3
296.1897026185135	750	31.45781446728917	0.0	358218	2998.1568963435	0.3
304.68519870512137	1200	26.96231838068134	0.0	620283	8495.496086607835	0.75
309.828752731165	1200	25.818764354637683	0.0	584349	5143.554026043656	1.2
314.37346508637273	1200	25.274051999429954	0.0	670129	4544.712355207726	1.2
321.55146417445945	1200	22.096052911343236	0.0	690253	7177.999088086721	1.2
333.0292344612184	1200	14.618282624584353	0.0	598727	11477.770286758881	1.2
338.7887158461874	1200	12.85880123961529	0.0	487812	5759.481384969061	1.2
342.1600505659025	750	13.487466519900245	0.0	361565	3371.334719715048	0.3
344.11503688997	750	15.532480195832754	0.0	378327	1954.9863240674908	0.75
346.87463059694045	750	16.77288648886228	0.0	390680	2759.593706970473	0.75
348.3854857642693	750	19.2620313215335	0.0	345516	1510.855167328784	0.75
350.4125960980039	750	21.23492098779883	0.0	384505	2027.110333734669	0.75
356.3604341249183	750	19.287082960884447	0.0	372093	5947.838026914381	0.75
364.52189876145536	750	15.12561832434739	0.0	438281	8161.464636537056	0.75
371.35741652931756	750	12.290100556485191	0.0	398987	6835.517767862199	0.75
382.8163275822503	750	4.831189503552416	0.0	393804	11458.911052932775	0.75
385.924653831432	300	5.722863254370799	0.0	137507	3108.326249181617	-0.15000000000000002
388.2568654145306	300	7.3906516712722095	0.0	118421	2332.211583098589	0.3

