12526.415266899281	750	4.0	0.9321555281170851	450283	932.1555281170852	-3.2582687709034657
12527.553352733828	1200	6.861914165452815	0.0	611087	1138.0858345471852	0.75
12529.81794753368	2850	8.597319365600848	0.0	1300868	2264.594799851967	1.2000000000000002
12532.475263659211	2850	9.940003240069665	0.0	1520281	2657.3161255311848	2.85
12535.018806170041	2850	11.396460729239466	0.0	1472558	2543.5425108301965	2.85
12537.220621806071	2850	13.19464509321069	0.0	1224260	2201.815636028776	2.85
12541.918178349364	4300	12.497088549916043	0.0	2157535	4697.556543294649	2.8499999999999996
12547.025034326965	4300	11.390232572314776	0.0	2290172	5106.855977601267	4.3
12551.333645806168	4300	11.08162109311242	0.0	2055469	4308.611479202358	4.3
12555.203260253498	4300	11.212006645780573	0.0	2169201	3869.6144473318445	4.3
12559.280614694811	4300	11.134652204468008	0.0	2173522	4077.3544413125655	4.3
12563.222409240107	4300	11.192857659173958	0.0	2102452	3941.7945452940494	4.3
12568.17380084525	4300	10.241466054029864	0.0	2209463	4951.391605144094	4.3
12572.37932449099	4300	10.03594240829071	0.0	2275376	4205.523645739155	4.3
12576.06302944049	4300	10.352237458792958	0.0	2005399	3683.7049494977528	4.3
12580.056780118925	4300	10.358486780357088	0.0	2152483	3993.7506784358693	4.3
12584.271766212882	4300	10.143500686398577	0.0	2289689	4214.986093958511	4.3
12587.889383213082	4300	10.52588368619963	0.0	2059512	3617.6170001989444	4.3
12592.029454656467	4300	10.385812242815751	0.0	2220726	4140.071443383881	4.3
12595.990996673481	4300	10.424270225800296	0.0	2156729	3961.5420170154557	4.3
12599.549665220395	4300	10.865601678887142	0.0	2039773	3558.668546913153	4.3
12603.815425055403	4300	10.599841843878	0.0	2176469	4265.759835009141	4.3
12608.136553373282	4300	10.27871352599876	0.0	2221506	4321.12831787924	4.3
12612.06456168014	4300	10.350705219142426	0.0	2044075	3928.008306856335	4.3
12616.229451626778	4300	10.185815272504595	0.0	2186790	4164.889946637831	4.3
12620.327371983894	4300	10.087894915386254	0.0	2105231	4097.920357118341	4.3
12624.641291919115	4300	9.773974980165349	0.0	2395588	4313.919935220905	4.3
12628.401424169344	4300	10.013842729935941	0.0	1972048	3760.1322502294083	4.3
12632.506152915515	4300	9.909113983766241	0.0	2134614	4104.7287461697	4.3
12636.440486582474	4300	9.974780316806662	0.0	2164140	3934.3336669595787	4.3
12640.070352065573	4300	10.344914833708177	0.0	2113193	3629.8654830984856	4.3
12643.796701616713	4300	10.618565282567669	0.0	2147852	3726.349551140507	4.3
12647.77194963332	4300	10.643317265962354	0.0	2191074	3975.2480166053156	4.3
12652.838863082663	4300	9.576403816618527	0.0	2286761	5066.913449343828	4.3
12657.94113338504	4300	8.474133514241803	0.0	2307787	5102.270302376724	4.3
12662.154557108948	4300	8.260709790332905	0.0	2143948	4213.423723908898	4.3
12665.714101620171	4300	8.701165279110104	0.0	1919781	3559.5445112228	4.3
12669.810631653409	4300	8.604635245872107	0.0	2147467	4096.5300332379975	4.3
12673.81332245075	4300	8.601944448531283	0.0	2133870	4002.690797340823	4.3
12678.486156925565	4300	7.929109973715923	0.0	2146120	4672.8344748153595	4.3
12682.36099008263	4300	8.054276816649796	0.0	2108491	3874.833157066127	4.3
12686.399865088053	4300	8.015401811228058	0.0	2184571	4038.8750054217394	4.3
12690.347524498466	4300	8.067742400813938	0.0	2121928	3947.6594104141195	4.3
12694.433548667765	4300	7.981718231515343	0.0	2219102	4086.0241692985946	4.3
12698.190149467584	4300	8.225117431696107	0.0	2124950	3756.6007998192345	4.3
12702.402955040561	4300	8.012311858719269	0.0	2246506	4212.805572976839	4.3
12705.954995705537	4300	8.46027119374247	0.0	1961140	3552.040664976799	4.3
12709.729724137935	4300	8.6855427613462	0.0	2155012	3774.728432396271	4.3

