21786.845145126907	750	4.0	2.148641230861048	450283	2148.641230861048	-8.489157292702506
21789.213998062856	750	5.631147064048715	0.0	398865	2368.8529359512845	0.75
21791.06102717502	750	7.784117951883809	0.0	350812	1847.0291121649057	0.75
21796.672745264626	1200	6.172399862276564	0.0	617681	5611.718089607245	0.75
21799.646589681903	1200	7.198555445001854	0.0	652874	2973.8444172747104	1.2
21802.273862503996	1200	8.571282622903663	0.0	520315	2627.27282209819	1.2
21805.915517221718	1200	8.929627905183484	0.0	561791	3641.654717720179	1.2
21808.97846301425	1200	9.866682112654518	0.0	709534	3062.9457925289653	1.2
21811.47271606131	1200	11.3724290655899	0.0	584846	2494.2530470646184	1.2
21813.96622019709	1200	12.878924929814366	0.0	560821	2493.5041357755335	1.2
21816.77357001493	1200	14.071575111971189	0.0	607410	2807.3498178431773	1.2
21820.40064814799	1850	14.44449697891263	0.0	917428	3627.0781330585605	1.2000000000000002
21824.942422304106	1850	13.902722822795383	0.0	946851	4541.774156117249	1.85
21829.456018552482	1850	13.389126574419853	0.0	1036454	4513.596248375529	1.85
21834.207534286274	1850	12.637610840631307	0.0	821631	4751.515733788546	1.85
21839.907691053613	1850	10.937454073289253	0.0	923170	5700.156767342055	1.85
21843.35560372798	1850	11.489541398921043	0.0	966699	3447.912674368211	1.85
21846.36821403647	1850	12.476931090432897	0.0	885714	3012.6103084881447	1.85
21851.660175102563	1850	11.18497002433793	0.0	987708	5291.961066094967	1.85
21854.97266837302	1850	11.872476753882532	0.0	923755	3312.4932704553985	1.85
21858.61905376226	1850	12.226091364640636	0.0	891604	3646.385389241895	1.85
21861.989746230727	1850	12.855398896171334	0.0	955231	3370.692468469304	1.85
21867.543185265655	1850	11.30195986124536	0.0	968026	5553.439034925975	1.85
21873.722504683705	1850	9.12264044319913	0.0	874175	6179.31941804623	1.85
21879.18032361287	1200	7.664821514033202	0.0	587236	5457.818929165927	0.5499999999999999
21881.23225585632	750	9.612889270583015	0.0	379700	2051.932243450187	0.3
21885.02869645601	750	9.816448670892829	0.0	425781	3796.4405996901855	0.75
21888.038075820376	750	10.80706930652915	0.0	277716	3009.3793643636786	0.75
21896.068723431716	750	6.776421695189171	0.0	400396	8030.647611339979	0.75
21897.23690253261	300	9.608242594293328	0.0	149029	1168.179100895844	-0.15000000000000002
21898.26471486889	300	12.580430258015584	0.0	157421	1027.8123362777442	0.3
21899.201303563215	300	15.643841563690145	0.0	157488	936.58869432544	0.3
21899.98410037518	300	18.861044751727245	0.0	143881	782.7968119629004	0.3
21900.72014375037	300	22.125001376534172	0.0	163444	736.0433751930709	0.3
21903.59366503115	1200	23.251480095755817	0.0	690253	2873.521280778353	0.29999999999999993
21906.71141706054	1850	24.13372806636703	0.0	943942	3117.7520293887883	1.2000000000000002
21914.043165869978	1850	20.801979256929368	0.0	728962	7331.748809437663	1.85
21915.78721826123	1200	23.057926865675014	0.0	575591	1744.0523912543533	0.5499999999999999
21917.18505283678	1200	25.660092290126173	0.0	605884	1397.8345755488413	1.2
21918.778151064205	1200	28.066994062701085	0.0	587506	1593.098227425088	1.2
21920.462539398846	1200	30.38260572806267	0.0	566904	1684.3883346384127	1.2
21922.95835867761	1850	31.886786449298558	0.0	1025005	2495.8192787641137	1.2000000000000002
21932.15455321486	4300	26.690591912051094	0.0	2121928	9196.194537247464	1.8499999999999996
21962.523178659318	4300	4.0	3.678033532406789	2219102	30368.625444457884	-11.515544189349193
21963.628233843345	300	6.894944815971907	0.0	167025	1105.0551840280932	-3.7
21964.575663737716	300	9.947514921599785	0.0	160064	947.4298943721225	0.3
21965.325370531355	300	13.197808127962691	0.0	137507	749.7067936370929	0.3
21966.794651343964	750	15.728527315352748	0.0	314107	1469.2808126099424	0.3

