15346.159208929297	750	4.0	1.26305294249572	450283	1263.05294249572	-4.681127652731596
15347.151593077282	750	7.00761585201587	0.0	398865	992.3841479841305	0.75
15348.13670494011	750	10.022503989186353	0.0	350812	985.1118628295166	0.75
15352.052007376717	1850	10.107201552578783	0.0	933276	3915.3024366075692	0.75
15355.684029218106	1850	10.475179711190744	0.0	996749	3632.0218413880384	1.85
15358.374782892466	1850	11.784426036830055	0.0	801058	2690.7536743606884	1.85
15361.743367879291	1850	12.415841050003731	0.0	905515	3368.584986826324	1.85
15365.29220725559	1850	12.86700167370497	0.0	1060487	3548.839376298761	1.85
15368.507410624195	1850	13.651798305100892	0.0	852833	3215.203368604077	1.85
15372.090561009247	1850	14.068647920049546	0.0	913888	3583.1503850513454	1.85
15377.628749972857	2850	12.53045895643923	0.0	1354548	5538.188963610317	1.85
15383.735681516548	2850	10.423527412749344	0.0	1519951	6106.931543689885	2.85
15388.844710297039	2850	9.314498632257848	0.0	1422919	5109.028780491498	2.85
15394.568862554457	2850	7.590346374840347	0.0	1578343	5724.1522574175015	2.85
15398.730261679904	2850	7.428947249392177	0.0	1231445	4161.39912544817	2.85
15404.773292331776	2850	5.385916597521116	0.0	1471065	6043.03065187106	2.85
15408.989654840047	1850	5.169554089249542	0.0	966699	4216.362508271574	0.8500000000000001
15412.019694574272	1850	6.139514355023079	0.0	885714	3030.039734226463	1.85
15415.152654731237	1850	7.006554198058553	0.0	987708	3132.960156964525	1.85
15417.994887804443	1850	8.164321124852007	0.0	923755	2842.2330732065457	1.85
15421.275541459985	1850	8.883667469310643	0.0	891604	3280.6536555413636	1.85
15426.544524317833	1850	7.614684611462778	0.0	955231	5268.9828578478655	1.85
15430.212605263512	1850	7.946603665783329	0.0	968026	3668.0809456794486	1.85
15433.549347389242	1850	8.609861540054	0.0	874175	3336.74212572933	1.85
15438.3256155032	1850	7.833593426096489	0.0	897976	4776.268113957511	1.85
15442.928169241724	1850	7.231039687571507	0.0	905935	4602.553738524983	1.85
15446.74002786487	1200	7.419181064425728	0.0	696376	3811.85862314578	0.5499999999999999
15447.794442897199	1200	10.364766032097437	0.0	487160	1054.4150323282906	1.2
15451.122576848673	1200	11.036632080623752	0.0	622896	3328.133951473685	1.2
15453.7644158029	1200	12.394793126395786	0.0	641447	2641.838954227966	1.2
15456.539750623928	1200	13.619458305366603	0.0	570392	2775.334821029185	1.2
15459.832476221247	1200	14.326732708047425	0.0	620283	3292.725597319179	1.2
15462.133783026464	1200	16.025425902830452	0.0	584349	2301.3068052169715	1.2
15465.050542050662	1200	17.10866687863233	0.0	670129	2916.7590241981225	1.2
15467.442832922226	1200	18.71637600706859	0.0	690253	2392.2908715637404	1.2
15470.73618101447	1850	19.423027914823727	0.0	943942	3293.348092244861	1.2000000000000002
15473.294416921584	1850	20.864792007711284	0.0	728962	2558.2359071124442	1.85
15476.728286987938	1850	21.430921941357717	0.0	938587	3433.8700663535656	1.85
15480.719000383135	1850	21.44020854616067	0.0	908665	3990.713395197045	1.85
15485.591469967529	1850	20.56773896176624	0.0	930577	4872.469584394431	1.85
15489.258967335156	1850	20.900241594140816	0.0	858450	3667.4973676254235	1.85
15493.199967010896	1850	20.95924191840032	0.0	1025005	3940.999675740494	1.85
15496.593460865042	1850	21.56574806425339	0.0	886255	3393.493854146928	1.85
15499.599761679516	1850	22.559447249781076	0.0	973972	3006.300814472318	1.85
15502.443502098755	1850	23.71570683054208	0.0	958994	2843.7404192389945	1.85
15508.919428438203	4300	21.23978049109276	0.0	2246506	6475.926339449319	1.8499999999999996
15514.56648412124	4300	19.59272480805571	0.0	1961140	5647.055683037047	4.3
15523.441698490333	4300	14.717510438964082	0.0	2155012	8875.21436909163	4.3

