12156.81822356388	750	4.0	3.8635903273045304	450283	3863.5903273045305	-15.863438407409479
12158.058560970127	300	6.759662593753583	0.0	155580	1240.3374062464177	-0.15000000000000002
12159.479544148877	300	9.338679415001378	0.0	139857	1420.983178752206	0.3
12160.837973098141	300	11.980250465737047	0.0	155432	1358.428949264331	0.3
12163.893926989847	750	12.92429657403178	0.0	411561	3055.9538917052673	0.3
12166.600763018218	750	14.217460545663556	0.0	318564	2706.836028368223	0.75
12169.471628130435	750	15.34659543344433	0.0	352642	2870.865112219226	0.75
12174.960006745776	1200	13.858216818103545	0.0	709534	5488.378615340786	0.75
12180.048793164744	1200	12.769430399136168	0.0	584846	5088.786418967377	1.2
12185.313697858604	1200	11.504525705275453	0.0	560821	5264.9046938607125	1.2
12191.316431191595	1200	9.501792372284322	0.0	607410	6002.733332991132	1.2
12200.767766023844	1200	4.050457540035004	0.0	594078	9451.334832249318	1.2
12204.234353221378	300	4.58387034250197	0.0	160746	3466.587197533034	-0.6000000000000001
12208.868296008784	300	4.0	0.05007244490497033	179801	4633.942787406941	0.0846884869086276
12212.202312691847	300	4.665983316937303	0.0	140051	3334.0166830626968	0.3
12215.97954121552	300	4.888754793264124	0.0	138313	3777.2285236731786	0.3
12219.260887617997	300	5.607408390788413	0.0	143509	3281.3464024757122	0.3
12222.866899289678	300	6.001396719105049	0.0	150616	3606.011671683363	0.3
12226.425800188461	300	6.442495820322982	0.0	165384	3558.900898782067	0.3
12229.267656080592	300	7.600639928191064	0.0	140881	2841.855892131918	0.3
12233.70653608084	300	7.161759927943636	0.0	157671	4438.880000247428	0.3
12238.651159593397	300	6.217136415385035	0.0	157812	4944.623512558601	0.3
12242.452479655787	300	6.415816352994961	0.0	163927	3801.320062390074	0.3
12244.120529519625	300	8.747766489156657	0.0	137654	1668.049863838305	0.3
12245.659030294557	300	11.20926571422476	0.0	146754	1538.5007749318968	0.3
12247.138839439556	300	13.729456569224014	0.0	153938	1479.8091450007457	0.3
12249.07781343836	300	15.790482570420725	0.0	181901	1938.9739988032895	0.3
12250.531420395935	300	18.336875612845564	0.0	111155	1453.6069575751621	0.3
12259.514401536417	750	13.353894472364962	0.0	400396	8982.981140480602	0.3
12270.293870807396	750	6.574425201384798	0.0	400508	10779.469270980164	0.75
12274.289108775973	300	6.579187232808582	0.0	157421	3995.237968576216	-0.15000000000000002
12278.191410823048	300	6.676885185733325	0.0	157488	3902.3020470752567	0.3
12282.231278364101	300	6.637017644680223	0.0	143881	4039.867541053101	0.3
12286.731549486667	300	6.136746522114291	0.0	163444	4500.271122565932	0.3
12289.811511842481	300	7.056784166299691	0.0	179328	3079.962355814601	0.3
12292.703171333014	300	8.165124675766522	0.0	159914	2891.6594905331685	0.3
12295.859138020902	300	9.009157987880018	0.0	131610	3155.9666878865037	0.3
12298.040752494779	300	10.827543514002484	0.0	124011	2181.614473877535	0.3
12301.098576441695	300	11.76971956708599	0.0	144254	3057.8239469164932	0.3
12304.819291734046	300	12.049004274734981	0.0	149991	3720.715292351009	0.3
12308.890922829585	300	11.977373179194775	0.0	147968	4071.6310955402078	0.3
12312.603516134168	300	12.264779874613454	0.0	161857	3712.593304581321	0.3
12315.658155970972	300	13.210140037809216	0.0	145210	3054.639836804237	0.3
12318.460955318042	300	14.40734069074101	0.0	172312	2802.7993470682063	0.3
12320.861011786288	300	16.00728422249433	0.0	167025	2400.056468246678	0.3
12323.07033547109	300	17.797960537692532	0.0	160064	2209.3236848018023	0.3
12328.749340585295	750	16.118955423488238	0.0	331053	5679.005114204293	0.3
12340.061663495988	1850	8.80663251279603	0.0	846370	11312.322910692208	0.75

