24038.999027682494	750	4.0	4.997202366246414	450283	4997.202366246414	-20.73797017485958
24041.15238943278	300	5.846638249714482	0.0	155580	2153.3617502855177	-0.15000000000000002
24044.27054154627	300	6.728486136226441	0.0	139857	3118.1521134880413	0.3
24048.642158302646	300	6.35686937985117	0.0	155432	4371.6167563752715	0.3
24053.070380793717	300	5.928646888778943	0.0	163442	4428.222491072226	0.3
24056.121737833746	300	6.877289848750208	0.0	126289	3051.3570400287354	0.3
24058.7431180031	300	8.255909679394989	0.0	153295	2621.38016935522	0.3
24060.44713684196	300	10.551890840533298	0.0	173849	1704.0188388616891	0.3
24061.927786967593	300	13.071240714897634	0.0	150710	1480.6501256356646	0.3
24063.28280278662	300	15.716224895873086	0.0	139105	1355.0158190245468	0.3
24064.78448533667	300	18.214542345823435	0.0	141840	1501.6825500496527	0.3
24068.0864850268	750	18.91254265569475	0.0	405134	3301.9996901286877	0.3
24071.140054022497	750	19.858973659993868	0.0	386351	3053.5689957008804	0.75
24074.386358247997	750	20.612669434498542	0.0	434409	3246.3042254953275	0.75
24076.67945226436	750	22.319575418133336	0.0	337059	2293.094016365205	0.75
24078.827727897216	750	24.171299785277487	0.0	366214	2148.275632855851	0.75
24080.507592508722	750	26.49143517377031	0.0	360831	1679.8646115071767	0.75
24084.85765687471	1850	26.141370807782938	0.0	885714	4350.064365987377	0.75
24090.59045823282	1850	24.40856944967254	0.0	987708	5732.801358110395	1.85
24097.454291111193	1850	21.544736571298476	0.0	923755	6863.832878374066	1.85
24103.714426435086	1850	19.28460124740497	0.0	891604	6260.135323893503	1.85
24114.275895191047	1850	12.723132491445622	0.0	955231	10561.46875595935	1.85
24125.069048285623	1200	5.929979396870204	0.0	656471	10793.153094575418	0.5499999999999999
24128.436882963102	300	6.562144719389147	0.0	137654	3367.8346774810566	-0.6000000000000001
24132.037108168675	300	6.961919513816175	0.0	146754	3600.2252055729723	0.3
24135.656463914263	300	7.342563768229675	0.0	153938	3619.3557455865	0.3
24139.214225047024	300	7.784802635467097	0.0	181901	3557.7611327625777	0.3
24140.96584113169	300	10.03318655080597	0.0	111155	1751.6160846611258	0.3
24144.13791569867	300	10.86111198382225	0.0	153605	3172.074566983721	0.3
24147.737394461103	300	11.261633221389186	0.0	149029	3599.4787624330634	0.3
24151.776626339702	300	11.222401342789395	0.0	157421	4039.23187859979	0.3
24155.35003575876	300	11.648991923729955	0.0	157488	3573.40941905944	0.3
24158.062650764794	300	12.936376917701324	0.0	143881	2712.615006028631	0.3
24160.453666375393	300	14.545361307098998	0.0	163444	2391.015610602326	0.3
24163.040965995802	300	15.958061686690714	0.0	179328	2587.2996204082847	0.3
24165.275779899486	300	17.723247783009615	0.0	159914	2234.813903681099	0.3
24166.994805715636	300	20.00422196685794	0.0	131610	1719.0258161516736	0.3
24168.314993757915	300	22.684033924579758	0.0	124011	1320.1880422781815	0.3
24172.635503224807	750	22.36352445768816	0.0	378327	4320.509466891601	0.3
24178.643905252047	750	20.3551224304477	0.0	390680	6008.40202724046	0.75
24183.826137408978	750	19.172890273515005	0.0	345516	5182.232156932696	0.75
24186.428767283007	750	20.570260399488177	0.0	384505	2602.629874026827	0.75
24189.10354693743	750	21.895480745065537	0.0	372093	2674.7796544226367	0.75
24192.078021083733	750	22.921006598763963	0.0	438281	2974.4741463015744	0.75
24196.597189820306	1200	22.401837862192277	0.0	630203	4519.168736571685	0.75
24205.94277374165	1850	17.056253940846982	0.0	982064	9345.583921345296	1.2000000000000002
24215.604944088474	1850	11.394083594026219	0.0	830730	9662.170346820763	1.85
24224.99339194178	1850	6.005635740719294	0.0	846370	9388.447853306925	1.85

