8745.466440792883	750	4.0	2.943433872988283	450283	2943.4338729882834	-11.906765653849618
8747.247371744554	750	6.219069048327484	0.0	398865	1780.930951672515	0.75
8750.185152627977	1200	7.281288164904524	0.0	571051	2937.780883422961	0.75
8753.442870358076	1200	8.023570434804316	0.0	617681	3257.717730100208	1.2
8756.846756708906	1200	8.619684083974217	0.0	652874	3403.886350830099	1.2
8759.313532912469	1200	10.152907880412604	0.0	520315	2466.776203561615	1.2
8761.92512604778	1200	11.541314745102792	0.0	561791	2611.5931353098113	1.2
8766.350282069296	1850	11.116158723586867	0.0	1060487	4425.156021515926	1.2000000000000002
8769.923113706376	1850	11.54332708650686	0.0	852833	3572.8316370800053	1.85
8774.166803819695	1850	11.299636973187749	0.0	913888	4243.690113319111	1.85
8778.221537424966	1850	11.244903367916566	0.0	939819	4054.7336052711844	1.85
8783.016732601202	1850	10.449708191681573	0.0	917428	4795.195176234994	1.85
8788.642172157788	1850	8.82426863509345	0.0	946851	5625.439556588125	1.85
8795.238126176964	1850	6.228314615916858	0.0	1036454	6595.954019176591	1.85
8797.46347533127	1200	8.002965461612652	0.0	526950	2225.3491543042064	0.5499999999999999
8800.045357603654	1200	9.421083189226726	0.0	587876	2581.8822723859244	1.2
8802.703325900624	1200	10.763114892257835	0.0	617242	2657.96829696889	1.2
8805.205572969138	1200	12.260867823742556	0.0	581493	2502.2470685152794	1.2
8808.11815489344	1200	13.348285899442471	0.0	639204	2912.581924300085	1.2
8812.169496515377	1850	13.296944277505487	0.0	923755	4051.341621936985	1.2000000000000002
8815.728992910883	1850	13.73744788200003	0.0	891604	3559.496395505457	1.85
8820.01157019552	1850	13.454870597363078	0.0	955231	4282.577284636952	1.85
8824.323389677253	1850	13.14305111563105	0.0	968026	4311.819481732028	1.85
8828.766968512413	1850	12.69947228047135	0.0	874175	4443.578835159701	1.85
8833.0896459407	1850	12.376794852185085	0.0	897976	4322.677428286263	1.85
8837.86404428252	1850	11.602396510363691	0.0	905935	4774.398341821394	1.85
8844.673672254938	1850	8.792768537947486	0.0	1076599	6809.627972416206	1.85
8850.523127491473	1850	6.943313301411741	0.0	758197	5849.455236535745	1.85
8855.023951489635	1200	6.442489303249306	0.0	622896	4500.823998162436	0.5499999999999999
8860.75524666707	1200	4.711194125813624	0.0	641447	5731.295177435682	1.2
8865.25549393634	750	4.210946856544391	0.0	358218	4500.247269269233	0.3
8866.651151855349	300	6.815288937533369	0.0	157488	1395.6579190110224	-0.15000000000000002
8868.322249041186	300	9.144191751695976	0.0	143881	1671.097185837392	0.3
8870.020666377404	300	11.445774415477288	0.0	163444	1698.4173362186887	0.3
8871.865442632845	300	13.600998160036626	0.0	179328	1844.7762554406622	0.3
8873.129971446853	300	16.336469346028267	0.0	159914	1264.5288140083592	0.3
8875.584398869865	750	17.88204192301746	0.0	321064	2454.42742301081	0.3
8880.965756293566	750	16.50068449931563	0.0	361565	5381.357423701829	0.75
8886.329644333176	750	15.136796459706849	0.0	378327	5363.88803960878	0.75
8894.63953770771	750	10.826903085174077	0.0	390680	8309.893374532772	0.75
8901.655381234219	750	7.811059558663706	0.0	345516	7015.843526510372	0.75
8903.910574003134	300	9.555866789749842	0.0	161857	2255.1927689138633	-0.15000000000000002
8906.666367237221	300	10.80007355566202	0.0	145210	2755.793234087821	0.3
8910.569091681842	300	10.897349111042306	0.0	172312	3902.7244446197137	0.3
8913.695232054179	300	11.771208738704575	0.0	167025	3126.1403723377316	0.3
8915.796257619582	300	13.670183173301812	0.0	160064	2101.0255654027615	0.3
8919.0594030055	750	14.407037787384297	0.0	331053	3263.145385917514	0.3
8924.981305774743	1850	12.48513501814016	0.0	846370	5921.902769244138	0.75

