3238.356729350655	750	4.0	5.558065529459364	450283	5558.065529459364	-23.149681776675266
3241.164448482503	300	5.192280868151962	0.0	155580	2807.719131848038	-0.15000000000000002
3242.5499808171194	300	7.8067485335352504	0.0	139857	1385.5323346167118	0.3
3244.1145255046426	300	10.24220384601217	0.0	155432	1564.5446875230796	0.3
3246.341278313255	300	12.015451037399814	0.0	163442	2226.7528086123575	0.3
3248.0153391713084	300	14.34139017934634	0.0	126289	1674.0608580534742	0.3
3250.0836850890496	300	16.273044261605317	0.0	153295	2068.3459177410227	0.3
3257.238017296646	750	13.118712054008757	0.0	437162	7154.33220759656	0.3
3260.2025033510404	750	14.154225999614532	0.0	374758	2964.4860543942254	0.75
3262.8092132148904	750	15.547516135764342	0.0	362795	2606.7098638501907	0.75
3265.415937531864	750	16.940791818790466	0.0	353220	2606.724316973878	0.75
3268.3460214015654	750	18.01070794908931	0.0	405134	2930.0838697011563	0.75
3271.141104691378	750	19.215624659276457	0.0	386351	2795.083289812849	0.75
3276.207275653982	1200	18.14945369667255	0.0	687371	5066.17096260391	0.75
3279.941830859086	1200	18.414898491568522	0.0	526950	3734.5552051040263	1.2
3284.4047983732057	1200	17.95193097744881	0.0	587876	4462.967514119711	1.2
3289.220555087106	1200	17.136174263548384	0.0	617242	4815.7567139004295	1.2
3294.430769484442	1200	15.925959866212539	0.0	581493	5210.214397335844	1.2
3302.4760470179626	1200	11.880682332691675	0.0	639204	8045.277533520865	1.2
3305.64573442418	750	12.710994926474354	0.0	350713	3169.6874062173215	0.3
3308.8063841119165	750	13.550345238737554	0.0	386472	3160.6496877368	0.75
3311.3581311056532	750	14.998598245001329	0.0	399894	2551.746993736226	0.75
3314.239580431913	750	16.117148918741304	0.0	401853	2881.449326260027	0.75
3317.4673601252803	750	16.889369225373876	0.0	343800	3227.779693367424	0.75
3323.0529403220194	1200	15.303789028635187	0.0	587236	5585.58019673869	0.75
3329.3600585111044	1200	12.996670839550108	0.0	590335	6307.118189085078	1.2
3335.576519908207	1200	10.78020944244734	0.0	696376	6216.461397102768	1.2
3340.412409529634	1200	9.944319821020436	0.0	487160	4835.889621426904	1.2
3343.820109175611	750	10.536620175043412	0.0	400396	3407.6996459770235	0.3
3348.149925515442	750	10.206803835212234	0.0	400508	4329.816339831178	0.75
3352.3238496315316	750	10.032879719122723	0.0	358218	4173.924116089512	0.75
3359.180907180922	750	7.175822169732336	0.0	400322	6857.057549390388	0.75
3362.013707159246	300	8.34302219140793	0.0	143881	2832.7999783244068	-0.15000000000000002
3364.5516552612294	300	9.80507408942486	0.0	163444	2537.94810198307	0.3
3366.387995819254	300	11.968733531400389	0.0	179328	1836.3405580244712	0.3
3367.896633505467	300	14.460095845187269	0.0	159914	1508.637686213121	0.3
3369.352113199671	300	17.004616150983455	0.0	131610	1455.4796942038097	0.3
3370.7918221931054	300	19.56490715754901	0.0	124011	1439.708993434448	0.3
3374.9024774551463	750	19.454251895508136	0.0	378327	4110.655262040872	0.3
3379.279893430877	750	19.076835919777473	0.0	390680	4377.415975730662	0.75
3382.5436974737127	750	19.81303187694197	0.0	345516	3263.8040428355016	0.75
3387.567508616556	750	18.789220734098674	0.0	384505	5023.811142843297	0.75
3392.205140802961	750	18.151588547693688	0.0	372093	4637.632186404986	0.75
3396.8440911853168	750	17.512638165337478	0.0	438281	4638.950382356214	0.75
3401.5522443981154	1200	16.804484952538978	0.0	630203	4708.153212798502	0.75
3409.2283490331674	1200	13.128380317486815	0.0	638661	7676.104635052162	1.2
3413.7341068756177	1200	12.62262247503681	0.0	538612	4505.757842450007	1.2
3422.645493666372	2850	7.711235684282039	0.0	1364537	8911.38679075477	1.2000000000000002

