6097.900117561729	750	4.0	5.84241140162946	450283	5842.41140162946	-24.372369027006677
6099.63339830746	300	6.266719254268797	0.0	155580	1733.2807457312028	-0.15000000000000002
6100.834686376541	300	9.065431185188647	0.0	139857	1201.2880690801505	0.3
6102.135900351328	300	11.76421721040178	0.0	155432	1301.2139747868682	0.3
6103.475968528215	300	14.424149033514515	0.0	163442	1340.0681768872635	0.3
6104.482860824747	300	17.417256736982385	0.0	126289	1006.8922965321307	0.3
6106.9700790108545	750	18.930038550874954	0.0	352642	2487.218186107433	0.3
6111.646689599386	1200	18.253427962342677	0.0	709534	4676.610588532277	0.75
6115.296833653703	1200	18.603283908026135	0.0	584846	3650.1440543165404	1.2
6118.685316837689	1200	19.214800724040845	0.0	560821	3388.4831839852923	1.2
6122.526701087621	1200	19.373416474108712	0.0	607410	3841.3842499321327	1.2
6125.852959918885	1200	20.047157642844162	0.0	594078	3326.2588312645494	1.2
6133.699014896277	1850	16.201102665453515	0.0	946851	7846.054977390645	1.2000000000000002
6149.919015619214	1850	4.0	0.018898057484793753	1036454	16220.00072293831	1.768738352815387
6152.597185453098	300	5.321830166115996	0.0	140051	2678.169833884004	-1.25
6154.325191561572	300	7.593824057642191	0.0	138313	1728.0061084738047	0.3
6155.896210747475	300	10.022804871738337	0.0	143509	1571.0191859038541	0.3
6157.355633624791	300	12.563381994423299	0.0	150616	1459.4228773150382	0.3
6158.813804272828	300	15.105211346386627	0.0	165384	1458.170648036672	0.3
6160.2194849966145	300	17.699530622600236	0.0	140881	1405.6807237863914	0.3
6164.528006389864	750	17.39100922935003	0.0	386472	4308.521393250208	0.3
6168.394127660234	750	17.524887958980074	0.0	399894	3866.1212703699525	0.75
6171.684703635991	750	18.23431198322198	0.0	401853	3290.575975758096	0.75
6173.978579586575	750	19.94043603263862	0.0	343800	2293.8759505833596	0.75
6176.179548832259	750	21.73946678695533	0.0	359903	2200.96924568329	0.75
6178.455654659867	750	23.463360959346574	0.0	379700	2276.1058276087583	0.75
6183.267768257175	1200	22.651247362039353	0.0	696376	4812.1135973072205	0.75
6185.969849956067	1200	23.949165663147152	0.0	487160	2702.0816988922006	1.2
6191.12748673202	1850	22.79152888719445	0.0	972798	5157.6367759527	1.2000000000000002
6198.878002963974	1850	19.0410126552399	0.0	975811	7750.516231954549	1.85
6205.544858614974	1850	16.37415700424009	0.0	873429	6666.855650999812	1.85
6213.373111375952	1850	12.545904243261885	0.0	954453	7828.252760978203	1.85
6217.478393658796	1200	12.440621960417685	0.0	584349	4105.2822828442	0.5499999999999999
6221.847612008746	1200	12.07140361046814	0.0	670129	4369.218349949547	1.2
6226.930368429047	1200	10.98864719016719	0.0	690253	5082.75642030095	1.2
6230.465989202495	1200	11.453026416719723	0.0	598727	3535.6207734474674	1.2
6234.3499731143775	1200	11.569042504836663	0.0	487812	3883.9839118830614	1.2
6240.002640426669	1200	9.916375192545093	0.0	575591	5652.667312291571	1.2
6246.708307834942	1200	7.210707784271255	0.0	605884	6705.667408273837	1.2
6249.099770520332	750	8.819245098882567	0.0	390680	2391.46268538869	0.3
6251.123042838576	750	10.795972780638072	0.0	345516	2023.2723182444934	0.75
6253.420056752348	750	12.498958866867369	0.0	384505	2297.0139137707033	0.75
6255.697694350578	750	14.221321268636618	0.0	372093	2277.637598230751	0.75
6259.187171442151	1200	14.731844177063092	0.0	634861	3489.4770915735266	0.75
6265.056204659809	1850	12.862810959405866	0.0	958994	5869.033217657227	1.2000000000000002
6275.1021104084375	1850	6.816905210776971	0.0	982064	10045.905748628895	1.85
6284.171977059473	1200	4.0	2.252961440257603	538612	9069.866651034574	-9.137734193107693
6286.299038829964	300	5.872938229508234	0.0	118421	2127.0617704917654	-0.6000000000000001

