1927.2371176632623	750	4.0	2.6661221575738243	450283	2666.122157573824	-10.714325277567443
1932.1105577375981	750	4.0	0.8734400743357901	398865	4873.44007433579	-3.005792319643897
1935.0004744907078	300	5.1100832468904285	0.0	139857	2889.9167531095723	-0.15000000000000002
1938.2652982211416	300	5.8452595164565775	0.0	155432	3264.823730433851	0.3
1941.0833514449644	300	7.027206292633773	0.0	163442	2818.0532238228047	0.3
1942.5580180707293	300	9.552539666868956	0.0	126289	1474.666625764818	0.3
1943.844117111246	300	12.26644062635205	0.0	153295	1286.099040516905	0.3
1945.3951818148705	300	14.715375922727599	0.0	173849	1551.0647036244513	0.3
1946.8932463755077	300	17.21731136209038	0.0	150710	1498.064560637216	0.3
1950.7970713059049	750	17.31348643169322	0.0	362795	3903.8249303971593	0.3
1957.110031754158	750	15.00052598344001	0.0	353220	6312.960448253213	0.75
1959.1117444236856	750	16.998813313912333	0.0	405134	2001.7126695276788	0.75
1960.6955077737023	750	19.415049963895715	0.0	386351	1583.7633500166153	0.75
1962.7228182725253	750	21.387739465072677	0.0	434409	2027.3104988230375	0.75
1964.9622669852688	750	23.148290752329185	0.0	337059	2239.4487127434945	0.75
1967.0027298412563	750	25.10782789634176	0.0	366214	2040.4628559874232	0.75
1974.4073648825133	1850	21.703192855084627	0.0	966699	7404.6350412571355	0.75
1977.7687476175934	1850	22.34181012000488	0.0	885714	3361.382735079747	1.85
1982.8192454271011	1850	21.291312310497073	0.0	987708	5050.497809507806	1.85
1991.1545280217226	1850	16.956029715875722	0.0	923755	8335.282594621347	1.85
1994.941478280451	1850	17.16907945714714	0.0	891604	3786.9502587285815	1.85
1998.777405147302	1850	17.3331525902964	0.0	955231	3835.9268668507425	1.85
2003.9954368198128	1850	16.11512091778565	0.0	968026	5218.031672510748	1.85
2018.2227035070575	1850	5.887854230540812	0.0	874175	14227.266687244839	1.85
2019.569128690725	300	8.541429046873413	0.0	146754	1346.4251836673998	-1.25
2020.8873556838676	300	11.22320205373076	0.0	153938	1318.2269931426513	0.3
2022.640387201118	300	13.470170536480271	0.0	181901	1753.03151725049	0.3
2023.7871367160926	300	16.323421021505595	0.0	111155	1146.7495149746767	0.3
2025.033258687779	300	19.077299049819352	0.0	153605	1246.1219716862395	0.3
2032.5421511552245	750	15.568406582373777	0.0	400508	7508.8924674455775	0.3
2034.692250301078	750	17.418307436520305	0.0	358218	2150.0991458534713	0.75
2036.3500133842551	750	19.760544353343136	0.0	400322	1657.763083177172	0.75
2037.892501143912	750	22.218056593686136	0.0	369834	1542.4877596570016	0.75
2040.399323391257	750	23.711234346341104	0.0	412837	2506.82224734503	0.75
2042.7566901747214	750	25.35386756287684	0.0	401088	2357.366783464264	0.75
2050.1623002943975	1850	21.948257443200966	0.0	943942	7405.6101196758755	0.75
2052.9942987905843	1850	23.116258947014156	0.0	728962	2831.9984961868067	1.85
2057.412036035447	1850	22.698521702151883	0.0	938587	4417.737244862272	1.85
2063.7801595993046	1850	20.33039813829406	0.0	908665	6368.123563857821	1.85
2070.1275597241274	1850	17.982998013471086	0.0	930577	6347.400124822978	1.85
2073.374610824564	1850	18.73594691303424	0.0	858450	3247.051100436845	1.85
2078.404136486818	1850	17.706421250780533	0.0	1025005	5029.52566225371	1.85
2089.8265640939335	1850	10.28399364366495	0.0	886255	11422.427607115582	1.85
2095.615016236343	750	8.495541501255644	0.0	438281	5788.452142409305	-0.3500000000000001
2099.218628132989	750	8.891929604609304	0.0	398987	3603.611896646339	0.75
2103.897278730994	750	8.213279006604429	0.0	393804	4678.650598004875	0.75
2109.3872512406865	750	6.72330649691219	0.0	331053	5489.972509692239	0.75
2110.0551456119506	300	10.055412125648127	0.0	118421	667.8943712640619	-0.15000000000000002

