3814.003859017773	750	4.0	2.600378850967279	450283	2600.378850967279	-10.431629059159299
3814.7920649519324	300	7.21179406583987	0.0	155580	788.2059341601297	-0.15000000000000002
3816.547655848033	750	9.456203169738979	0.0	350812	1755.5908961008906	0.3
3818.818380058322	750	11.185478959450016	0.0	382355	2270.7242102889627	0.75
3821.651388313051	750	12.352470704721185	0.0	411561	2833.0082547288307	0.75
3824.5807312944407	750	13.423127723331529	0.0	318564	2929.342981389657	0.75
3827.8668444457785	750	14.13701457199365	0.0	352642	3286.1131513378787	0.75
3830.9906210588697	750	15.013237958902742	0.0	437162	3123.776613090907	0.75
3835.159273939294	750	14.84458507847791	0.0	374758	4168.652880424832	0.75
3838.2727946505133	750	15.731064367258975	0.0	362795	3113.5207112189346	0.75
3840.9275068217526	750	17.076352196019464	0.0	353220	2654.7121712395124	0.75
3844.4834326913383	750	17.520426326433494	0.0	405134	3555.92586958597	0.75
3847.1603338193495	750	18.843525198422707	0.0	386351	2676.9011280107857	0.75
3850.694403314863	750	19.30945570290921	0.0	434409	3534.0694955134973	0.75
3861.2559320829637	1200	12.747926934808277	0.0	526950	10561.528768100934	0.75
3865.7684375920235	750	12.235421425748296	0.0	366214	4512.505509059981	0.3
3869.2735385690703	750	12.730320448701319	0.0	360831	3505.1009770469773	0.75
3871.1328816449463	300	14.870977372825315	0.0	150616	1859.343075876004	-0.15000000000000002
3873.7157190054013	300	16.288140012370597	0.0	165384	2582.8373604547155	0.3
3875.6721197879915	300	18.331739229780155	0.0	140881	1956.4007825904403	0.3
3878.755974722251	750	19.247884295520915	0.0	386472	3083.8549342592414	0.3
3881.3684852364395	750	20.635373781332284	0.0	399894	2612.5105141886315	0.75
3884.952467602409	1200	21.051391415362886	0.0	656471	3583.9823659693966	0.75
3888.7700477671647	1200	21.23381125060721	0.0	536667	3817.5801647556777	1.2
3893.9375375338664	1200	20.066321483905533	0.0	587236	5167.489766701678	1.2
3897.9174639645285	1200	20.086395053243404	0.0	590335	3979.9264306621317	1.2
3901.840372980646	1200	20.163486037126127	0.0	696376	3922.909016117276	1.2
3904.590221448711	1200	21.413637569060747	0.0	487160	2749.848468065381	1.2
3908.7964652324968	1200	21.207393785275475	0.0	622896	4206.24378378527	1.2
3912.762614603707	1200	21.241244414064774	0.0	641447	3966.1493712106994	1.2
3919.2575914016643	1850	18.746267616107858	0.0	873429	6494.976797956918	1.2000000000000002
3924.0834486245963	1850	17.920410393175647	0.0	954453	4825.857222932211	1.85
3931.356133733767	1850	14.6477252840051	0.0	885062	7272.685109170548	1.85
3940.009780108793	1850	9.994078908979002	0.0	1035329	8653.6463750261	1.85
3943.3806540646947	1200	10.623204953077098	0.0	690253	3370.873955901903	0.5499999999999999
3946.132815336242	1200	11.871043681530125	0.0	598727	2752.161271546972	1.2
3948.671559481279	1200	13.332299536492808	0.0	487812	2538.744145037317	1.2
3951.292335393186	1200	14.711523624585642	0.0	575591	2620.7759119071666	1.2
3953.9233744662138	1200	16.080484551557774	0.0	605884	2631.0390730278687	1.2
3957.2665022430333	1850	16.737356774738306	0.0	930577	3343.1277768194673	1.2000000000000002
3960.686962411425	1850	17.31689660634642	0.0	858450	3420.460168391888	1.85
3964.058412556795	1850	17.945446460976576	0.0	1025005	3371.450145369839	1.85
3966.932441387201	1850	19.071417630570703	0.0	886255	2874.0288304058736	1.85
3970.4434348833875	1850	19.56042413438396	0.0	973972	3510.9934961867416	1.85
3974.990843122722	2850	19.013015895049655	0.0	1464921	4547.408239334307	1.85
3983.1355444748083	4300	14.868314542962839	0.0	2246506	8144.701352086818	2.8499999999999996
3987.962468152748	4300	14.041390865023608	0.0	1961140	4826.923677939231	4.3
3992.9746104729393	4300	13.029248544832106	0.0	2155012	5012.142320191502	4.3

