23104.86278406168	750	4.0	3.9127276647253035	450283	3912.7276647253034	-16.074728958318804
23106.294377081784	300	6.568406979893699	0.0	155580	1431.593020106301	-0.15000000000000002
23107.460877835085	300	9.401906226594866	0.0	139857	1166.500753298834	0.3
23108.609323162844	300	12.253460898835879	0.0	155432	1148.4453277589848	0.3
23109.742591798902	300	15.120192262777211	0.0	163442	1133.2686360586692	0.3
23111.577718077668	750	17.28506598401304	0.0	318564	1835.1262787641672	0.3
23115.49525869515	1200	17.367525366527104	0.0	561791	3917.5406174859377	0.75
23122.528378881296	1200	14.3344051803854	0.0	709534	7033.120186141705	1.2
23128.9451810212	1200	11.91760304047712	0.0	584846	6416.802139908279	1.2
23132.260721587754	1200	12.602062473923986	0.0	560821	3315.5405665531343	1.2
23135.840861571003	1200	13.02192249067451	0.0	607410	3580.139983249475	1.2
23139.29389191944	1200	13.568892142237768	0.0	594078	3453.0303484367423	1.2
23142.800535521917	1200	14.062248539760054	0.0	624282	3506.6436024777136	1.2
23147.119370430624	1200	13.743413631049902	0.0	687371	4318.834908710152	1.2
23151.17825091839	1200	13.684533143283018	0.0	526950	4058.8804877668854	1.2
23157.456242401517	1200	11.406541660157563	0.0	587876	6277.991483125454	1.2
23164.389606704186	1200	8.473177357488114	0.0	617242	6933.36430266945	1.2
23170.563317354747	750	6.2994667069278485	0.0	372963	6173.710650560265	0.3
23172.004903793637	300	8.857880268038638	0.0	165384	1441.5864388892105	-0.15000000000000002
23172.99550195965	300	11.867282102027792	0.0	140881	990.5981660108471	0.3
23174.45065726277	300	14.412126798907158	0.0	157671	1455.1553031206324	0.3
23175.92759310027	300	16.935190961402377	0.0	157812	1476.9358375047816	0.3
23177.410899811493	300	19.451884250180466	0.0	163927	1483.3067112219107	0.3
23182.147694797535	1200	18.715089264139976	0.0	536667	4736.79498604049	0.29999999999999993
23187.200856211755	1200	17.661927849919685	0.0	587236	5053.161414220293	1.2
23194.755058782433	1200	14.107725279244466	0.0	590335	7554.202570675218	1.2
23208.92459453197	1200	4.0	0.061810470295073174	696376	14169.53574953954	0.9342149777311853
23211.560361848307	300	5.36423268366665	0.0	111155	2635.76731633335	-0.6000000000000001
23214.451731131394	300	6.472863400578345	0.0	153605	2891.3692830883047	0.3
23217.90219578122	300	7.02239875075141	0.0	149029	3450.464649826935	0.3
23221.79156813623	300	7.1330263957411	0.0	157421	3889.37235501031	0.3
23227.34600325428	300	5.578591277690619	0.0	157488	5554.435118050482	0.3
23232.330526039477	300	4.594068492491252	0.0	143881	4984.522785199367	0.3
23235.974910795143	300	4.949683736825216	0.0	163444	3644.3847556660357	0.3
23238.794776185383	300	6.129818346589428	0.0	179328	2819.8653902357887	0.3
23241.141464435474	300	7.783130096499537	0.0	159914	2346.6882500898905	0.3
23242.81325110331	300	10.111343428659605	0.0	131610	1671.7866678399305	0.3
23244.056833153827	300	12.867761378146398	0.0	124011	1243.5820505132085	0.3
23245.373723843088	300	15.550870688886098	0.0	144254	1316.8906892602995	0.3
23246.51479251008	300	18.409802021894034	0.0	149991	1141.0686669920644	0.3
23249.325715348972	750	19.59887918299896	0.0	345516	2810.9228388950733	0.3
23253.713092650196	750	19.21150188177562	0.0	384505	4387.3773012233405	0.75
23261.05476305692	750	15.869831475053967	0.0	372093	7341.670406721654	0.75
23272.710826599632	750	8.21376793234121	0.0	438281	11656.063542712758	0.75
23278.769955235523	300	6.154639296449488	0.0	167025	6059.1286358917205	-0.15000000000000002
23283.303371920378	300	5.621222611595088	0.0	160064	4533.4166848544	0.3
23287.14045590519	300	5.7841386267803045	0.0	137507	3837.0839848147834	0.3
23290.34798279498	300	6.576611736989009	0.0	118421	3207.526889791296	0.3

