15162.855303559325	750	4.0	1.464606764188326	450283	1464.606764188326	-5.547809086009802
15164.090289754851	750	6.765013804474078	0.0	398865	1234.9861955259219	0.75
15166.070475632821	1200	8.784827926502484	0.0	571051	1980.1858779715953	0.75
15169.077233486189	1850	9.778070073136828	0.0	933276	3006.757853365656	1.2000000000000002
15173.659638119974	2850	9.195665439350918	0.0	1472558	4582.404633785909	1.85
15177.911391550295	2850	8.943912009030687	0.0	1224260	4251.753430320233	2.85
15182.928385013685	2850	7.926918545641948	0.0	1388403	5016.993463388738	2.85
15188.23680498049	2850	6.618498578835442	0.0	1638769	5308.419966806507	2.85
15194.78412354173	2850	4.071180017593694	0.0	1348011	6547.318561241748	2.85
15199.039110512069	1200	4.0	0.18380695274369646	560821	4254.98697033739	-1.2403698967978947
15200.649821616638	750	6.3892888954305045	0.0	353220	1610.7111045694958	0.3
15202.193382876569	750	8.845727635500163	0.0	405134	1543.5612599303406	0.75
15204.04155587037	750	10.997554641700606	0.0	386351	1848.172993799557	0.75
15205.724268624312	750	13.314841887758714	0.0	434409	1682.7127539418925	0.75
15207.083456329146	750	15.955654182924468	0.0	337059	1359.1877048342476	0.75
15208.731711555418	750	18.30739895665324	0.0	366214	1648.255226271229	0.75
15211.834427125776	1200	19.20468338629481	0.0	617242	3102.7155703584285	0.75
15214.349096353613	1200	20.690014158458784	0.0	581493	2514.6692278360274	1.2
15218.660781116816	1850	20.378329395255864	0.0	987708	4311.68476320292	1.2000000000000002
15222.43478010266	1850	20.60433040941207	0.0	923755	3773.99898584379	1.85
15226.34791874192	1850	20.69119177015119	0.0	891604	3913.1386392608842	1.85
15230.098048580725	1850	20.94106193134546	0.0	955231	3750.1298388057294	1.85
15235.786702343952	2850	19.25240816811776	0.0	1505760	5688.653763227699	1.85
15240.785903700367	2850	18.253206811702388	0.0	1323990	4999.201356415373	2.85
15246.071269615462	2850	16.96784089660654	0.0	1383735	5285.365915095848	2.85
15251.37745758141	2850	15.6616529306591	0.0	1480464	5306.187965947439	2.85
15260.338229079123	2850	10.70088143294579	0.0	1547572	8960.77149771331	2.85
15264.659650759497	1850	10.379459752571567	0.0	758197	4321.421680374224	0.8500000000000001
15269.683512468511	1850	9.355598043558096	0.0	972798	5023.861709013471	1.85
15278.002249069421	1850	5.036861442648724	0.0	975811	8318.736600909373	1.85
15281.275192962163	750	5.763917549906917	0.0	358218	3272.943892741807	-0.3500000000000001
15285.135950764314	750	5.903159747755247	0.0	400322	3860.75780215167	0.75
15286.607831820218	300	8.43127869185024	0.0	143881	1471.8810559050062	-0.15000000000000002
15287.867933664367	300	11.171176847701354	0.0	163444	1260.1018441488864	0.3
15289.00637431318	300	14.032736198888554	0.0	179328	1138.4406488128013	0.3
15292.742337919866	1200	14.29677259220046	0.0	598727	3735.9636066880944	0.29999999999999993
15295.684221911384	1200	15.354888600682576	0.0	487812	2941.883991517883	1.2
15298.806387215196	1200	16.232723296871622	0.0	575591	3122.165303810954	1.2
15302.624856227783	1200	16.414254284283626	0.0	605884	3818.469012587994	1.2
15306.228538229194	1200	16.810572282872883	0.0	587506	3603.682001410743	1.2
15309.93796695128	1200	17.10114356078615	0.0	566904	3709.428722086735	1.2
15314.041787124781	1200	16.99732338728665	0.0	641452	4103.820173499504	1.2
15317.63915335142	1200	17.399957160647833	0.0	599477	3597.3662266388105	1.2
15328.540112193068	1200	10.498998318999341	0.0	634861	10900.958841648493	1.2
15334.16594801243	750	8.873162499638063	0.0	398987	5625.835819361278	0.3
15338.826996630674	300	8.212113881393703	0.0	160064	4661.04861824436	-0.15000000000000002
15342.257064950281	300	8.782045561786715	0.0	137507	3430.0683196069867	0.3
15344.8961559868	300	10.142954525267616	0.0	118421	2639.091036519099	0.3

