3.998697299309292	750	4.0	3.998697299309292	450283	3998.697299309292	-16.444398387029956
7.57903021403885	750	4.419667085270441	0.0	398865	3580.332914729559	0.75
10.171401363639514	750	5.8272959356697775	0.0	350812	2592.371149600663	0.75
17.916835690253258	750	4.0	1.9181383909439664	382355	7745.434326613744	-7.497995081059056
21.8198277518405	300	4.0970079384127605	0.0	163442	3902.99206158724	-0.15000000000000002
24.595146461366063	300	5.321689228887195	0.0	126289	2775.3187095255657	0.3
26.894349332566733	300	7.022486357686527	0.0	153295	2299.2028712006677	0.3
29.136420249902933	300	8.780415440350327	0.0	173849	2242.0709173361993	0.3
31.324885150112486	300	10.591950540140777	0.0	150710	2188.4649002095493	0.3
33.311650617122666	300	12.6051850731306	0.0	139105	1986.7654670101774	0.3
35.1943868485501	300	14.72244884170316	0.0	141840	1882.7362314274394	0.3
37.029248481785345	300	16.88758720846791	0.0	156148	1834.8616332352499	0.3
41.939863787483	750	15.97697190277026	0.0	386351	4910.615305697652	0.3
45.828405638668045	750	16.088430051585217	0.0	434409	3888.5418511850444	0.75
49.587601884057285	750	16.329233806195973	0.0	337059	3759.196245389243	0.75
52.51844871780166	750	17.398386972451597	0.0	366214	2930.846833744377	0.75
56.34590197428667	750	17.570933715966596	0.0	360831	3827.4532564850006	0.75
60.426642035846285	750	17.490193654406976	0.0	372963	4080.7400615596184	0.75
64.657435600802	750	17.259400089451265	0.0	405596	4230.793564955709	0.75
68.14075710490235	750	17.776078585350906	0.0	350713	3483.3215041003614	0.75
72.7563299164575	750	17.160505773795755	0.0	386472	4615.572811555151	0.75
79.30072074435938	750	14.616114945893882	0.0	399894	6544.390827901873	0.75
86.70257895122987	750	11.214256739023401	0.0	401853	7401.85820687048	0.75
91.04795230786884	750	10.868883382384423	0.0	343800	4345.373356638978	0.75
96.09945523753318	750	9.817380452720071	0.0	359903	5051.5029296643515	0.75
101.72100746275851	750	8.195828227494749	0.0	379700	5621.552225225322	0.75
106.6609440963936	750	7.255891593859659	0.0	425781	4939.9366336350895	0.75
108.06550527804966	300	9.851330412203602	0.0	111155	1404.5611816560574	-0.15000000000000002
109.55344155705707	300	12.363394133196197	0.0	153605	1487.936279007407	0.3
110.92810384250957	300	14.988731847743699	0.0	149029	1374.6622854524983	0.3
114.31225139053804	750	15.604584299715247	0.0	358218	3384.1475480284507	0.3
117.4474042668341	750	16.469431423419184	0.0	400322	3135.15287629606	0.75
122.41550209876875	750	15.501333591484526	0.0	369834	4968.097831934657	0.75
128.45104353089093	750	13.465792159362348	0.0	412837	6035.54143212218	0.75
131.69264486598075	750	14.22419082427253	0.0	401088	3241.601335089817	0.75
134.42156789062255	750	15.495267799630708	0.0	365161	2728.9230246418206	0.75
136.70091732388494	750	17.215918366368335	0.0	321064	2279.3494332623745	0.75
138.8566755754087	750	19.060160114844557	0.0	361565	2155.7582515237805	0.75
141.39821132133548	750	20.518624368917788	0.0	378327	2541.5357459267707	0.75
144.94229862172918	750	20.974537068524075	0.0	390680	3544.0873003937118	0.75
147.6033687199427	750	22.313466970310564	0.0	345516	2661.070098213511	0.75
152.57204500996522	1200	21.344790680288025	0.0	641452	4968.676290022541	0.75
157.26092045541515	1200	20.655915234838087	0.0	599477	4688.875445449938	1.2
163.11318502083188	1200	18.80365066942135	0.0	634861	5852.264565416734	1.2
167.75111565252433	1200	18.165720037728875	0.0	630203	4637.930631692478	1.2
174.67767809121244	1850	15.239157599040778	0.0	982064	6926.562438688097	1.2000000000000002
182.00354802938554	1850	11.913287660867669	0.0	830730	7325.869938173109	1.85
200.8199477116529	2850	4.0	6.903112021399696	1364537	18816.399682267365	-27.83338169201869

