23479.132756056642	750	4.0	1.4342768133466879	450283	1434.276813346688	-5.4173902973907575
23482.544200434917	1850	4.5885556217289025	0.0	957685	3411.444378271098	0.75
23485.39504728497	1850	5.737708771675481	0.0	877771	2850.8468500534213	1.85
23489.554965749994	1850	5.5777903066492955	0.0	933276	4159.918465026186	1.85
23494.06152328811	1850	5.071232768534727	0.0	996749	4506.557538114569	1.85
23499.200820418213	1850	4.0	0.0680643615709223	801058	5139.297130105649	1.5573232452450343
23501.953857209406	750	5.246963208806563	0.0	352642	2753.036791193437	-0.3500000000000001
23505.392913996788	750	5.8079064214270435	0.0	437162	3439.056787379519	0.75
23506.845270283804	750	8.355550134409036	0.0	374758	1452.3562870180087	0.75
23508.372325349737	750	10.828495068477151	0.0	362795	1527.0550659318837	0.75
23509.852011424267	750	13.348808993946673	0.0	353220	1479.68607453048	0.75
23511.53625604995	750	15.664564368262532	0.0	405134	1684.2446256841388	0.75
23514.234471139454	1200	16.966349278757406	0.0	624282	2698.2150895051273	0.75
23520.68899922376	1850	14.511821194455006	0.0	1036454	6454.528084302401	1.2000000000000002
23525.000267319592	1850	14.200553098618037	0.0	821631	4311.268095836967	1.85
23529.502060657116	1850	13.698759761095236	0.0	923170	4501.793337522803	1.85
23533.860277599455	1850	13.34054281875911	0.0	966699	4358.216942336127	1.85
23539.460492908365	1850	11.74032750984881	0.0	885714	5600.215308910301	1.85
23552.900721839404	1850	4.0	1.699901421186436	987708	13440.228931035244	-5.459576111101674
23554.91064860297	300	5.990073236431638	0.0	140881	2009.9267635683623	-1.25
23556.670816229216	300	8.229905610185119	0.0	157671	1760.1676262465185	0.3
23558.045237886807	300	10.855483952595419	0.0	157812	1374.4216575896985	0.3
23559.414794814063	300	13.485927025336172	0.0	163927	1369.556927259248	0.3
23560.568773014842	300	16.331948824558662	0.0	137654	1153.9782007775082	0.3
23561.940034082054	300	18.9606877573473	0.0	146754	1371.2610672113624	0.3
23565.32642027731	750	19.57430156209523	0.0	379700	3386.386195252077	0.3
23569.46914877328	1200	19.43157306611951	0.0	696376	4142.72849597572	0.75
23571.141874051125	1200	21.758847788279585	0.0	487160	1672.725277839922	1.2
23572.92026888534	1200	23.98045295406166	0.0	622896	1778.3948342179242	1.2
23576.37630368898	1850	24.52441815042015	0.0	975811	3456.0348036415094	1.2000000000000002
23579.686418240584	1850	25.214303598817246	0.0	873429	3310.1145516029064	1.85
23582.49279448367	1850	26.407927355733808	0.0	954453	2806.376243083437	1.85
23587.08886059628	2850	25.81186124312079	0.0	1358081	4596.066112613017	1.85
23596.019925613666	2850	20.880796225738127	0.0	1587293	8931.065017382665	2.85
23601.914629557526	2850	18.986092281874125	0.0	1492672	5894.703943864003	2.85
23610.460749308873	2850	14.439972530528959	0.0	1439896	8546.119751345164	2.85
23614.106620189363	1850	14.794101650041545	0.0	728962	3645.8708804874136	0.8500000000000001
23617.734040960673	1850	15.166680878730629	0.0	938587	3627.420771310918	1.85
23621.32612708754	1850	15.574594751863318	0.0	908665	3592.08612686731	1.85
23625.320342289724	1850	15.58037954967901	0.0	930577	3994.215202184309	1.85
23629.15461088716	1850	15.746110952245168	0.0	858450	3834.2685974338415	1.85
23634.123505958065	1850	14.77721588133845	0.0	1025005	4968.89507090672	1.85
23638.797116791335	1850	14.103605048068133	0.0	886255	4673.610833270315	1.85
23648.032249475968	1850	8.868472363433396	0.0	973972	9235.132684634737	1.85
23650.54376437122	1200	10.356957468179885	0.0	630203	2511.514895253511	0.5499999999999999
23652.96053739735	1200	11.940184442048947	0.0	638661	2416.7730261309384	1.2
23655.177549529246	1200	13.723172310154496	0.0	538612	2217.012131894452	1.2
23660.3426777786	2850	12.558044060799137	0.0	1364537	5165.128249355358	1.2000000000000002

