8356.308409792171	750	4.0	2.184991174137217	450283	2184.991174137217	-8.645462048790034
8358.837988419327	1200	5.470421372845207	0.0	611087	2529.5786271547936	0.75
8361.740910399549	1200	6.567499392623348	0.0	571051	2902.9219802218595	1.2
8373.387064916094	1200	4.0	5.078655123921548	617681	11646.154516544895	-20.638217032862656
8377.58607669736	300	4.0	0.19901178126609192	163442	4199.011781266092	-1.4557506594441953
8380.052095733967	300	5.533980963392097	0.0	126289	2466.0190366079023	0.3
8382.164263732984	300	7.421812964375482	0.0	153295	2112.167999016616	0.3
8383.985941308514	300	9.600135388846944	0.0	173849	1821.6775755285375	0.3
8385.400103567914	300	12.185973129445902	0.0	150710	1414.1622594010428	0.3
8386.796971775722	300	14.789104921638703	0.0	139105	1396.8682078071972	0.3
8388.717105377595	300	16.86897131976686	0.0	141840	1920.1336018718414	0.3
8394.792310049996	750	14.793766647364434	0.0	405134	6075.204672402428	0.3
8397.173187413347	750	16.412889284012266	0.0	386351	2380.8773633521687	0.75
8399.410962923113	750	18.175113774246444	0.0	434409	2237.7755097658196	0.75
8401.029541020956	750	20.556535676404742	0.0	337059	1618.5780978417029	0.75
8402.882181553403	750	22.703895143956856	0.0	366214	1852.6405324478885	0.75
8404.997901733472	750	24.588174963888367	0.0	360831	2115.720180068489	0.75
8410.038682499146	1850	23.547394198213837	0.0	885714	5040.780765674527	0.75
8420.65564183586	1850	16.930434861500018	0.0	987708	10616.959336713822	1.85
8427.133919558246	1850	14.452157139113215	0.0	923755	6478.2777223868015	1.85
8429.54367012241	1200	16.042406574950572	0.0	601738	2409.750564162642	0.5499999999999999
8432.6165063902	1200	16.969570307159266	0.0	616206	3072.8362677913083	1.2
8435.95698484965	1200	17.62909184770997	0.0	656471	3340.4784594492944	1.2
8439.081353511863	1200	18.50472318549877	0.0	536667	3124.3686622112004	1.2
8441.857482019039	1200	19.728594678323184	0.0	587236	2776.1285071755824	1.2
8446.44401401395	1850	19.142062683412504	0.0	905935	4586.531994910681	1.2000000000000002
8452.748785769272	2850	16.837290928089896	0.0	1547572	6304.771755322605	1.85
8458.309064027257	2850	15.277012670104607	0.0	1141971	5560.278257985291	2.85
8464.25727282077	2850	13.328803876590275	0.0	1498470	5948.208793514331	2.85
8469.289017198123	2850	12.297059499238225	0.0	1561263	5031.744377352051	2.85
8474.000602913533	1850	11.585473783828354	0.0	873429	4711.585715409871	0.8500000000000001
8477.160260090937	1850	12.425816606422769	0.0	954453	3159.6571774055847	1.85
8479.943293298831	1850	13.642783398530067	0.0	885062	2783.033207892703	1.85
8483.24819744164	1850	14.337879255720301	0.0	1035329	3304.9041428097653	1.85
8486.733856428906	1850	14.852220268455326	0.0	1026056	3485.658987264975	1.85
8490.192872977404	1850	15.393203719957855	0.0	943942	3459.0165484974714	1.85
8495.938266265268	2850	13.64781043209452	0.0	1139291	5745.393287863336	1.85
8501.586814614664	2850	11.99926208269671	0.0	1499009	5648.54834939781	2.85
8504.741859538435	1850	12.844217158926151	0.0	908665	3155.04492377056	0.8500000000000001
8507.729569237397	1850	13.85650745996452	0.0	930577	2987.7096989616316	1.85
8510.906022155688	1850	14.680054541674068	0.0	858450	3176.452918290452	1.85
8516.41904136014	1850	13.167035337220815	0.0	1025005	5513.019204453251	1.85
8522.141259466729	1850	11.444817230634834	0.0	886255	5722.2181065859795	1.85
8526.555495032293	1850	11.030581665069592	0.0	973972	4414.235565565242	1.85
8531.200453509475	1850	10.385623187889184	0.0	958994	4644.958477180408	1.85
8541.467524085434	1850	4.118552611928729	0.0	982064	10267.070575960455	1.85
8544.88727549027	750	4.698801207094066	0.0	331053	3419.7514048346643	-0.3500000000000001
8547.27185132278	750	6.314225374583284	0.0	314107	2384.575832510782	0.75

