8166.908000394248	750	4.0	1.4326655545084757	450283	1432.6655545084757	-5.410461884386445
8169.073438056901	1200	5.834562337347541	0.0	611087	2165.4376626524595	0.75
8171.395820645382	1200	7.512179748867241	0.0	571051	2322.3825884803	1.2
8175.135602934792	1200	7.77239745945735	0.0	617681	3739.7822894098913	1.2
8177.29964364855	1200	9.608356745699597	0.0	652874	2164.040713757753	1.2
8178.983373792232	1200	11.92462660201744	0.0	520315	1683.7301436821572	1.2
8180.728709936902	1200	14.179290457347578	0.0	561791	1745.3361446698614	1.2
8183.028024564293	1200	15.879975829956146	0.0	709534	2299.3146273914326	1.2
8185.8061065027805	1850	17.10189389146887	0.0	852833	2778.0819384872784	1.2000000000000002
8188.949012506877	1850	17.95898788737294	0.0	913888	3142.906004095932	1.85
8193.068791250575	1850	17.83920914367576	0.0	939819	4119.77874369718	1.85
8199.539177717537	2850	15.368822676713915	0.0	1519951	6470.386466961843	1.85
8204.7084176367	2850	14.199582757549692	0.0	1422919	5169.2399191642235	2.85
8209.93761918856	2850	12.970381205690273	0.0	1578343	5229.201551859418	2.85
8214.055875133328	2850	12.852125260922625	0.0	1231445	4118.255944767649	2.85
8220.904560305895	2850	10.003440088355248	0.0	1471065	6848.685172567378	2.85
8225.571506675162	2850	9.336493719088587	0.0	1491626	4666.946369266662	2.85
8229.912412678004	2850	8.995587716245591	0.0	1358801	4340.906002842997	2.85
8235.17225728651	2850	7.735743107742628	0.0	1537156	5259.844608502963	2.85
8241.764208702967	2850	5.143791691283489	0.0	1336050	6591.951416459139	2.85
8243.975045477351	1200	6.932954916900182	0.0	601738	2210.8367743833073	-0.44999999999999996
8246.343591611405	1200	8.564408782846547	0.0	616206	2368.5461340536353	1.2
8249.744306171548	1850	9.16369422270485	0.0	968026	3400.7145601416973	1.2000000000000002
8252.546025888207	1850	10.3619745060449	0.0	874175	2801.7197166599494	1.85
8255.667569343892	1850	11.240431050359057	0.0	897976	3121.543455685844	1.85
8258.753296078636	1850	12.154704315615305	0.0	905935	3085.7267347437523	1.85
8264.351811564302	1850	10.55618882994856	0.0	1076599	5598.515485666745	1.85
8266.857541807962	1850	12.050458586287702	0.0	758197	2505.7302436608584	1.85
8269.867273842143	1850	13.040726552108758	0.0	972798	3009.7320341789446	1.85
8272.974001414728	1850	13.933998979522912	0.0	975811	3106.7275725858444	1.85
8275.88950226312	1850	15.01849813113035	0.0	873429	2915.5008483925617	1.85
8279.089270220295	1850	15.818730173956911	0.0	954453	3199.7679571734393	1.85
8283.508679501461	1850	15.39932089278946	0.0	885062	4419.409281167452	1.85
8287.93657001488	1850	14.97143037937145	0.0	1035329	4427.89051341801	1.85
8291.769051587822	1850	15.138948806427624	0.0	1026056	3832.4815729438255	1.85
8294.979947763031	1850	15.928052631219098	0.0	943942	3210.8961752085274	1.85
8297.322979882643	1850	17.585020511607777	0.0	728962	2343.032119611318	1.85
8300.5695642274	1850	18.338436166849373	0.0	938587	3246.5843447584043	1.85
8305.753732052499	2850	17.15426834175103	0.0	1427478	5184.167825098341	1.85
8311.974416379677	2850	14.933584014574018	0.0	1402287	6220.684327177012	2.85
8316.1592748836	2850	14.74872551065065	0.0	1339500	4184.858503923369	2.85
8321.123562608222	2850	13.784437786029406	0.0	1527299	4964.287724621243	2.85
8326.225407568672	2850	12.682592825579512	0.0	1343002	5101.844960449894	2.85
8333.24702717009	2850	9.66097322416153	0.0	1587250	7021.619601417981	2.85
8338.56201401766	2850	8.345986376591075	0.0	1464921	5314.986847570457	2.85
8343.437391063193	2850	7.47060933105813	0.0	1483527	4875.377045532944	2.85
8347.539358856786	2850	7.3686415374656455	0.0	1231456	4101.967793592485	2.85
8354.123418618035	2850	4.784581776216353	0.0	1364537	6584.059761249293	2.85

