23661.918078060444	750	4.0	1.5754002818435975	450283	1575.4002818435974	-6.024221211927469
23664.354526079504	1200	5.563551980940861	0.0	611087	2436.448019059139	0.75
23666.34156313231	1200	7.5765149281290824	0.0	571051	1987.037052811779	1.2
23670.964317854596	1850	6.953760205848503	0.0	933276	4622.75472228058	1.2000000000000002
23679.470516082256	1850	4.0	1.5524380218133702	996749	8506.198227661873	-4.825483493797492
23681.620563194076	750	5.8499528881782386	0.0	318564	2150.0471118217615	-0.3500000000000001
23683.353834752917	750	8.116681329339773	0.0	352642	1733.271558838465	0.75
23685.37631042935	750	10.094205652907098	0.0	437162	2022.475676432676	0.75
23687.4881081542	750	11.98240792805698	0.0	374758	2111.797724850117	0.75
23689.49151558003	750	13.979000502229786	0.0	362795	2003.4074258271935	0.75
23691.137604961965	750	16.332911120292575	0.0	353220	1646.0893819372125	0.75
23693.019092613427	750	18.45142346883019	0.0	405134	1881.4876514623859	0.75
23697.725701099127	1850	17.744814983130425	0.0	946851	4706.608485699764	0.75
23703.22229474319	1850	16.24822133906684	0.0	1036454	5496.593644063584	1.85
23706.93469382324	1850	16.535822259016584	0.0	821631	3712.3990800502556	1.85
23712.616533988927	1850	14.853982093330458	0.0	923170	5681.840165686125	1.85
23717.68797389463	1850	13.782542187628984	0.0	966699	5071.439905701474	1.85
23721.670116685444	1850	13.800399396817001	0.0	885714	3982.1427908119817	1.85
23726.853301800835	1850	12.617214281424037	0.0	987708	5183.185115392966	1.85
23731.11907244099	1850	12.351443641270919	0.0	923755	4265.770640153117	1.85
23735.085580549363	1850	12.384935532895332	0.0	891604	3966.5081083755863	1.85
23739.65887570071	1850	11.811640381548056	0.0	955231	4573.295151347276	1.85
23745.130756962404	1850	10.339759119853886	0.0	968026	5471.88126169417	1.85
23750.075894604444	1850	9.394621477812619	0.0	874175	4945.137642041267	1.85
23753.868859545815	1850	9.601656536443166	0.0	897976	3792.964941369453	1.85
23756.917135672335	1850	10.553380409924076	0.0	905935	3048.276126519091	1.85
23762.153880639496	1850	9.31663544276194	0.0	1076599	5236.744967162133	1.85
23765.817765762156	1850	9.652750320099825	0.0	758197	3663.885122662115	1.85
23773.273635467813	1850	6.1968806144459485	0.0	972798	7455.869705653877	1.85
23775.615600152956	1200	7.8549159293027335	0.0	641447	2341.964685143216	0.5499999999999999
23777.894455290654	1200	9.576060791602785	0.0	570392	2278.855137699947	1.2
23781.682395910157	1200	9.788120172102294	0.0	620283	3787.940619500492	1.2
23784.770451775086	1200	10.700064307172777	0.0	584349	3088.055864929516	1.2
23788.53281514334	1200	10.937700938918692	0.0	670129	3762.3633682540863	1.2
23791.81538547597	1200	11.655130606286537	0.0	690253	3282.570332632154	1.2
23795.904381814653	1850	11.56613426760521	0.0	943942	4088.9963386813265	1.2000000000000002
23799.334507316755	1850	12.136008765503455	0.0	728962	3430.125502101755	1.85
23806.698011196724	1850	8.772504885533293	0.0	938587	7363.5038799701615	1.85
23810.194010739506	1200	9.27650534275329	0.0	605884	3495.9995427800022	0.5499999999999999
23812.98022302658	1200	10.490293055679016	0.0	587506	2786.2122870742746	1.2
23816.707989349867	1200	10.762526732391198	0.0	566904	3727.766323287819	1.2
23819.09303788829	1200	12.377478193966024	0.0	641452	2385.0485384251733	1.2
23822.752695118157	1200	12.717820964102668	0.0	599477	3659.657229863356	1.2
23827.287728583917	1200	12.182787498339621	0.0	634861	4535.033465763047	1.2
23830.11655585263	1200	13.353960229626432	0.0	630203	2828.827268713188	1.2
23834.92113541517	1850	12.549380667083817	0.0	982064	4804.579562542615	1.2000000000000002
23840.310129591904	2850	11.160386490348388	0.0	1231456	5388.994176735429	1.85
23849.529650484626	2850	5.940865597627948	0.0	1364537	9219.52089272044	2.85

