19712.73507188149	750	4.0	4.594934407378574	450283	4594.934407378574	-19.008217951727868
19713.718534592972	300	7.016537288516239	0.0	155580	983.462711483761	-0.15000000000000002
19716.345485410668	750	8.38958647082037	0.0	350812	2626.950817695868	0.3
19721.382987246412	750	7.352084635074738	0.0	382355	5037.501835745632	0.75
19724.740842303927	750	7.994229577561267	0.0	411561	3357.85505751347	0.75
19728.815842876294	750	7.919229005197752	0.0	318564	4075.000572363515	0.75
19733.734455122707	750	7.0006167587847425	0.0	352642	4918.61224641301	0.75
19743.173042812727	750	4.0	2.4379709312358218	437162	9438.587690020564	-9.733275004314033
19745.78837352944	300	5.384669283285062	0.0	150710	2615.330716714938	-0.15000000000000002
19747.423938588465	300	7.749104224261451	0.0	139105	1635.5650590236107	0.3
19748.702094978536	300	10.470947834189069	0.0	141840	1278.1563900723825	0.3
19750.054686590083	300	13.118356222643378	0.0	156148	1352.5916115456903	0.3
19751.424114412795	300	15.748928399928985	0.0	160746	1369.4278227143936	0.3
19755.219631693864	750	15.953411118860066	0.0	434409	3795.5172810689196	0.3
19758.845957074205	750	16.3270857385209	0.0	337059	3626.325380339165	0.75
19763.393941527913	750	15.779101284811272	0.0	366214	4547.984453709629	0.75
19767.0345097213	750	16.138533091428066	0.0	360831	3640.568193383205	0.75
19773.969540419843	750	13.203502392882937	0.0	372963	6935.030698545128	0.75
19786.082681207776	750	5.090361604949967	0.0	405596	12113.14078793297	0.75
19790.052956604246	300	5.120086208478779	0.0	140881	3970.2753964711887	-0.15000000000000002
19795.228705630292	300	4.0	0.055662817565139446	157671	5175.749026043918	0.060649884469900384
19798.389872644428	300	4.83883298586272	0.0	157812	3161.1670141372792	0.3
19799.96642749123	300	7.262278139060083	0.0	163927	1576.5548468026375	0.3
19801.091822582002	300	10.13688304828546	0.0	137654	1125.3950907746216	0.3
19802.291147696484	300	12.937557933804205	0.0	146754	1199.325114481254	0.3
19803.60610726476	300	15.622598365527738	0.0	153938	1314.9595682764686	0.3
19805.190621318034	300	18.038084312253968	0.0	181901	1584.5140532737694	0.3
19807.486939282753	750	19.741766347535755	0.0	277716	2296.3179647182133	0.3
19812.99872523389	750	18.22998039639675	0.0	400396	5511.785951139004	0.75
19815.55744721469	750	19.67125841559766	0.0	400508	2558.7219807990928	0.75
19818.013185289463	750	21.215520340824792	0.0	358218	2455.7380747728675	0.75
19820.76550411634	750	22.463201513943474	0.0	400322	2752.318826881319	0.75
19823.123824584156	750	24.104881046127655	0.0	369834	2358.320467815817	0.75
19827.725418306232	1200	23.503287324053506	0.0	670129	4601.59372207415	0.75
19834.209549653016	1850	21.019155977268646	0.0	1026056	6484.13134678486	1.2000000000000002
19839.20195980324	1850	20.02674582704709	0.0	943942	4992.410150221554	1.85
19844.26944263593	1850	18.95926299435275	0.0	728962	5067.48283269434	1.85
19850.517929123205	1850	16.71077650708019	0.0	938587	6248.486487272558	1.85
19856.206693173684	1850	15.022012456600104	0.0	908665	5688.764050480088	1.85
19862.156715768397	1850	13.071989861886653	0.0	930577	5950.02259471345	1.85
19867.765124423462	1850	11.463581206820855	0.0	858450	5608.4086550657985	1.85
19873.834562852608	1850	9.394142777676185	0.0	1025005	6069.43842914467	1.85
19879.702310070632	1850	7.526395559651843	0.0	886255	5867.747218024342	1.85
19886.778365242335	1850	4.450340387944843	0.0	973972	7076.055171706999	1.85
19888.973748001015	750	6.25495762926398	0.0	398987	2195.3827586808634	-0.3500000000000001
19891.33236623299	750	7.896339397291254	0.0	393804	2358.618231972725	0.75
19898.84044350198	1850	4.388262128303812	0.0	830730	7508.077268987442	0.75
19903.36085843445	1200	4.0	0.13215280416830139	550906	4520.414932472114	-0.01825705792369603

