6854.170709604405	750	4.0	2.2982937896467757	450283	2298.2937896467756	-9.132663295481136
6856.224904989029	750	5.94580461537696	0.0	398865	2054.19538462304	0.75
6858.340921549837	1200	7.829788054568357	0.0	571051	2116.0165608086036	0.75
6860.696760333778	1200	9.473949270627461	0.0	617681	2355.838783940895	1.2
6862.839753413421	1200	11.3309561909846	0.0	652874	2142.9930796428616	1.2
6865.288675053265	1850	12.882034551141091	0.0	801058	2448.9216398435087	1.2000000000000002
6868.135592571931	1850	14.035117032474641	0.0	905515	2846.917518666448	1.85
6871.938958493826	1850	14.231751110579475	0.0	1060487	3803.3659218951666	1.85
6875.573497047335	1850	14.59721255707057	0.0	852833	3634.5385535089044	1.85
6879.900856962598	1850	14.269852641807661	0.0	913888	4327.3599152629085	1.85
6883.049189490075	1850	15.121520114330801	0.0	939819	3148.3325274768613	1.85
6885.864387746631	1850	16.306321857775288	0.0	917428	2815.198256555513	1.85
6888.687143975456	1850	17.483565628949783	0.0	946851	2822.7562288255053	1.85
6892.355165745852	1850	17.81554385855406	0.0	1036454	3668.0217703957182	1.85
6895.014585338269	1850	19.156124266136075	0.0	821631	2659.41959241799	1.85
6898.020948098602	1850	20.149761505803152	0.0	923170	3006.362760332924	1.85
6903.660780982207	2850	18.509928622197965	0.0	1491626	5639.832883605187	1.85
6908.824827689905	2850	17.345881914500417	0.0	1358801	5164.046707697547	2.85
6914.091880154369	2850	16.07882945003552	0.0	1537156	5267.052464464895	2.85
6918.422305941502	2850	15.748403662903696	0.0	1336050	4330.425787131827	2.85
6923.299081837417	2850	14.871627766987848	0.0	1415116	4876.775895915849	2.85
6928.479842063712	2850	13.690867540693334	0.0	1468126	5180.760226294513	2.85
6934.202042925796	2850	11.968666678608578	0.0	1505760	5722.2008620847555	2.85
6938.4244977337485	2850	11.746211870656603	0.0	1323990	4222.454807951976	2.85
6944.423908760831	2850	9.746800843574468	0.0	1383735	5999.4110270821375	2.85
6950.817895825691	2850	7.352813778713932	0.0	1480464	6393.987064860535	2.85
6956.646599302872	1850	5.524110301533665	0.0	1076599	5828.703477180267	0.8500000000000001
6959.217568424957	1200	6.953141179449091	0.0	487160	2570.9691220845743	0.5499999999999999
6963.1701178587855	1200	7.000591745620893	0.0	622896	3952.549433828198	1.2
6969.5384289183985	1200	4.632280686007628	0.0	641447	6368.311059613265	1.2
6971.521173316859	300	6.649536287547513	0.0	157421	1982.7443984601148	-0.6000000000000001
6973.537217318417	300	8.633492285989206	0.0	157488	2016.0440015583051	0.3
6975.0966808556095	300	11.074028748796543	0.0	143881	1559.463537192663	0.3
6976.497264706729	300	13.673444897676692	0.0	163444	1400.5838511198508	0.3
6978.435855434113	300	15.734854170292815	0.0	179328	1938.5907273838782	0.3
6980.776780301165	300	17.39392930324161	0.0	159914	2340.924867051206	0.3
6983.250085804457	300	18.92062379994963	0.0	131610	2473.30550329198	0.3
6985.430725413811	300	20.739984190594885	0.0	124011	2180.639609354743	0.3
6987.384970635065	300	22.785738969341747	0.0	144254	1954.2452212531377	0.3
6988.9753090214435	300	25.19540058296377	0.0	149991	1590.338386377976	0.3
6990.542601823777	300	27.62810778062986	0.0	147968	1567.2928023339102	0.3
6992.270064129124	300	29.900645475282683	0.0	161857	1727.462305347176	0.3
6997.23445990306	750	28.93624970134669	0.0	372093	4964.395773935993	0.3
7008.028512524488	1200	22.142197079919068	0.0	634861	10794.052621427621	0.75
7014.035873166588	1200	20.134836437819764	0.0	630203	6007.3606420993	1.2
7018.148069969178	1200	20.022639635229464	0.0	638661	4112.196802590302	1.2
7021.751774282159	1200	20.418935322248362	0.0	538612	3603.7043129811027	1.2
7029.572179640109	2850	16.598529964297988	0.0	1364537	7820.405357950373	1.2000000000000002

