26297.590189795093	750	4.0	3.666539248000215	450283	3666.5392480002147	-15.016118766400924
26300.36458176386	750	5.225608031230129	0.0	398865	2774.391968769871	0.75
26303.482622270225	750	6.107567524864779	0.0	350812	3118.04050636535	0.75
26306.307891710654	750	7.282298084438054	0.0	382355	2825.269440426725	0.75
26308.826652848027	750	8.763536947064017	0.0	411561	2518.7611373740374	0.75
26311.27184674263	750	10.318343052461634	0.0	318564	2445.193894602382	0.75
26313.617010230624	750	11.973179564468472	0.0	352642	2345.163487993162	0.75
26317.821748457794	1200	11.768441337297109	0.0	709534	4204.738227171363	0.75
26321.151508524046	1200	12.438681271045207	0.0	584846	3329.7600662519017	1.2
26323.944230590325	1200	13.645959204766573	0.0	560821	2792.7220662786326	1.2
26330.33375265917	1200	11.256437135918885	0.0	607410	6389.522068847688	1.2
26336.5124267892	1200	9.077763005891015	0.0	594078	6178.67413002787	1.2
26339.94485831706	750	9.645331478029584	0.0	386351	3432.4315278614295	0.3
26342.38092191058	750	11.209267884508693	0.0	434409	2436.063593520892	0.75
26344.542969364615	750	13.047220430476601	0.0	337059	2162.0474540320893	0.75
26347.297623005143	750	14.292566789946125	0.0	366214	2754.6536405304764	0.75
26350.07141663874	750	15.518773156350974	0.0	360831	2773.7936335951504	0.75
26354.46231999022	1200	15.127869804868503	0.0	581493	4390.903351482472	0.75
26366.657588108803	1200	6.932601686286222	0.0	639204	12195.268118582282	1.2
26370.460037372417	300	7.130152422672792	0.0	140881	3802.44926361343	-0.6000000000000001
26374.10793021517	300	7.482259579923068	0.0	157671	3647.8928427497244	0.3
26376.320831829464	300	9.269357965631228	0.0	157812	2212.901614291839	0.3
26377.87662949052	300	11.713560304572058	0.0	163927	1555.7976610591704	0.3
26379.119934932918	300	14.470254862174468	0.0	137654	1243.30544239759	0.3
26380.596622439276	300	16.993567355814804	0.0	146754	1476.687506359665	0.3
26382.1425241126	300	19.447665682489664	0.0	153938	1545.9016733251392	0.3
26385.680581060777	750	19.909608734310815	0.0	425781	3538.0569481788466	0.3
26387.87076254934	750	21.71942724574881	0.0	277716	2190.1814885620024	0.75
26390.88831573435	750	22.70187406073534	0.0	400396	3017.553185013474	0.75
26395.024683644697	1200	22.565506150390874	0.0	641447	4136.367910344468	0.75
26397.74714190397	1200	23.84304789112101	0.0	570392	2722.4582592698653	1.2
26400.87076339286	1200	24.719426402227164	0.0	620283	3123.621488893844	1.2
26403.733972462975	1200	25.856217332116305	0.0	584349	2863.209070110857	1.2
26410.70030777886	1850	22.88988201623038	0.0	1035329	6966.335315885924	1.2000000000000002
26418.20318927704	1850	19.38700051805267	0.0	1026056	7502.881498177709	1.85
26425.19005024289	1850	16.400139552201313	0.0	943942	6986.860965851358	1.85
26436.424027641104	1850	9.166162153988942	0.0	728962	11233.97739821237	1.85
26442.922922307498	750	6.667267487591444	0.0	361565	6498.8946663974975	-0.3500000000000001
26446.778298213583	300	6.811891581509568	0.0	144254	3855.3759060818766	-0.15000000000000002
26450.3824076396	300	7.207782155493029	0.0	149991	3604.1094260165396	0.3
26453.60889249681	300	7.981297298282883	0.0	147968	3226.4848572101455	0.3
26456.713901001873	300	8.876288793216576	0.0	161857	3105.0085050663083	0.3
26459.094586507683	300	10.495603287407846	0.0	145210	2380.6855058087294	0.3
26462.96430535643	300	10.625884438660192	0.0	172312	3869.718848747654	0.3
26467.382491951543	300	10.207697843543151	0.0	167025	4418.186595117039	0.3
26471.049228136915	300	10.540961658171668	0.0	160064	3666.7361853714847	0.3
26473.840595236634	300	11.74959455845364	0.0	137507	2791.3670997180275	0.3
26479.12478315366	750	10.465406641425684	0.0	314107	5284.187917027957	0.3

