26480.50907115275	750	4.0	1.384287999087403	450283	1384.287999087403	-5.202438396075833
26481.78329216306	750	6.725778989683334	0.0	398865	1274.2210103166653	0.75
26483.272673302432	750	9.236397850317369	0.0	350812	1489.3811393659653	0.75
26484.71449940861	750	11.794571744137407	0.0	382355	1441.8261061799628	0.75
26486.118333014216	750	14.390738138532942	0.0	411561	1403.8336056044654	0.75
26487.953215443737	1200	16.555855709011595	0.0	520315	1834.8824295213467	0.75
26489.785854903217	1200	18.72321624953296	0.0	561791	1832.6394594786327	1.2
26494.965221643804	2850	17.54384950894312	0.0	1638769	5179.36674058984	1.2000000000000002
26499.160087076503	2850	17.348984076245703	0.0	1348011	4194.865432697416	2.85
26504.352243939393	2850	16.156827213357882	0.0	1429765	5192.15686288782	2.85
26509.83499175001	2850	14.674079402739444	0.0	1354548	5482.74781061844	2.85
26518.080610276287	2850	10.428460876464767	0.0	1519951	8245.618526274677	2.85
26527.15592657346	1850	5.353144579289399	0.0	946851	9075.316297175368	0.8500000000000001
26533.286397147145	750	4.0	0.7773259943919584	434409	6130.470573681358	-3.692501775885421
26534.736491139192	300	6.5499060079521945	0.0	140051	1450.0939920478056	-0.15000000000000002
26536.079251029667	300	9.207146117477764	0.0	138313	1342.7598904744302	0.3
26537.469448980126	300	11.81694816701689	0.0	143509	1390.1979504608748	0.3
26538.924531898316	300	14.361865248826287	0.0	150616	1455.0829181906024	0.3
26541.337373323557	300	15.949023823585634	0.0	165384	2412.8414252406533	0.3
26542.621590891828	300	18.66480625531629	0.0	140881	1284.217568269343	0.3
26546.757160278	750	18.529236869143165	0.0	386472	4135.569386173123	0.3
26551.229854974146	750	18.056542172996267	0.0	399894	4472.694696146899	0.75
26554.220587461805	750	19.065809685340206	0.0	401853	2990.732487656059	0.75
26556.5178544335	750	20.768542713643434	0.0	343800	2297.266971696773	0.75
26559.348262273037	750	21.938134874106158	0.0	359903	2830.4078395372726	0.75
26563.059029922406	1200	22.22736722473399	0.0	590335	3710.76764937217	0.75
26566.74986394849	1200	22.536533198650158	0.0	696376	3690.83402608383	1.2
26570.069787434364	1200	23.216609712773785	0.0	487160	3319.923485876375	1.2
26574.14964716411	1200	23.13674998302921	0.0	622896	4079.8597297445795	1.2
26579.23037336445	1200	22.05602378268795	0.0	641447	5080.726200341254	1.2
26583.53447998772	1200	21.751917159418255	0.0	570392	4304.106623269696	1.2
26589.90804660689	1200	19.378350540247435	0.0	620283	6373.566619170818	1.2
26594.141610871695	1200	19.14478627544185	0.0	584349	4233.564264805586	1.2
26598.61138504263	1200	18.67501210450545	0.0	670129	4469.774170936403	1.2
26602.588104151833	1200	18.698292995302033	0.0	690253	3976.7191092034154	1.2
26606.044240462976	1200	19.24215668415999	0.0	598727	3456.1363111420424	1.2
26608.482574960777	1200	20.803822186363533	0.0	487812	2438.334497796455	1.2
26613.774563334286	1850	19.511833812853173	0.0	938587	5291.98837351036	1.2000000000000002
26618.289252243692	1850	18.997144903444116	0.0	908665	4514.688909409057	1.85
26624.641407233757	1850	16.6449899133838	0.0	930577	6352.154990060316	1.85
26628.74923563058	1850	16.537161516562044	0.0	858450	4107.828396821758	1.85
26635.74594100895	1850	13.54045613818814	0.0	1025005	6996.705378373901	1.85
26642.668705748903	1850	10.61769139823514	0.0	886255	6922.764739953001	1.85
26648.16618652707	1850	9.1202106200702	0.0	973972	5497.48077816494	1.85
26650.882099894763	1200	10.40429725237795	0.0	630203	2715.9133676922493	0.5499999999999999
26655.24646456711	1850	10.03993258002965	0.0	982064	4364.364672348301	1.2000000000000002
26658.611291761055	1850	10.675105386084068	0.0	830730	3364.8271939455826	1.85
26664.27222826826	2850	9.014168878882105	0.0	1364537	5660.936507201962	1.85

