17215.76042516948	750	4.0	4.492096968258112	450283	4492.096968258112	-18.56601696350988
17217.158902009007	300	6.6015231604739535	0.0	155580	1398.4768395260464	-0.15000000000000002
17218.342240896145	300	9.418184273333548	0.0	139857	1183.3388871404063	0.3
17219.661256244264	300	12.09916892521706	0.0	155432	1319.0153481164841	0.3
17223.22096479923	750	12.539460370249705	0.0	411561	3559.7085549673566	0.3
17226.159879179093	750	13.600545990389577	0.0	318564	2938.914379860127	0.75
17230.949483385706	1200	12.810941783780223	0.0	561791	4789.604206609354	0.75
17237.019406894044	1200	10.741018275442626	0.0	709534	6069.923508337597	1.2
17242.67702151778	1200	9.083403651704353	0.0	584846	5657.614623738272	1.2
17249.10644502308	1200	6.653980146400961	0.0	560821	6429.423505303392	1.2
17253.42007439871	750	6.340350770775487	0.0	353220	4313.6293756254745	0.3
17259.535440345237	750	4.224984824246318	0.0	405134	6115.3659465291685	0.75
17263.043156174714	300	4.7172689947709845	0.0	160746	3507.7158294753344	-0.15000000000000002
17265.827610984597	300	5.932814184883746	0.0	179801	2784.4548098872383	0.3
17267.448587666015	300	8.311837503465966	0.0	140051	1620.9766814177797	0.3
17268.950645172565	300	10.809779996914372	0.0	138313	1502.0575065515936	0.3
17270.50488889589	300	13.255536273587808	0.0	143509	1554.243723326565	0.3
17272.26283809378	300	15.497587075700823	0.0	150616	1757.949197886985	0.3
17277.24436317214	750	14.516061997340174	0.0	405596	4981.525078360651	0.3
17282.015740348917	750	13.744684820562558	0.0	350713	4771.377176777615	0.75
17287.923445750755	750	11.836979418726077	0.0	386472	5907.705401836479	0.75
17294.618468883997	750	9.141956285487176	0.0	399894	6695.023133238902	0.75
17301.16744217531	750	6.592982994172146	0.0	401853	6548.973291315031	0.75
17302.724056876054	300	9.036368293429572	0.0	137654	1556.614700742574	-0.15000000000000002
17304.260490570054	300	11.499934599427526	0.0	146754	1536.4336940020455	0.3
17305.784224844127	300	13.976200325353181	0.0	153938	1523.7342740743443	0.3
17307.536652389546	300	16.223772779935448	0.0	181901	1752.4275454177339	0.3
17309.912704162572	750	17.84772100691068	0.0	277716	2376.0517730247707	0.3
17313.312197541294	750	18.448227628188352	0.0	400396	3399.4933787223267	0.75
17316.808452829784	750	18.951972339695935	0.0	400508	3496.2552884924185	0.75
17320.602348646025	750	19.158076523454007	0.0	358218	3793.895816241929	0.75
17326.73703668744	1200	17.023388482042762	0.0	620283	6134.688041411241	0.75
17331.593301571305	1200	16.167123598175998	0.0	584349	4856.2648838667665	1.2
17337.578273528125	1200	14.18215164135577	0.0	670129	5984.971956820228	1.2
17343.430187674145	1200	12.330237495336194	0.0	690253	5851.914146019575	1.2
17348.534051895025	1200	11.226373274457343	0.0	598727	5103.864220878852	1.2
17353.344869542205	1200	10.415555627280334	0.0	487812	4810.817647177009	1.2
17359.923561939864	1200	7.836863229619855	0.0	575591	6578.6923976604785	1.2
17364.515383963848	750	7.245041205634886	0.0	378327	4591.822023984969	0.3
17370.48151880384	750	5.278906365641362	0.0	390680	5966.134839993524	0.75
17373.715485551773	300	6.044939617709617	0.0	147968	3233.9667479317454	-0.15000000000000002
17376.397166764786	300	7.363258404700376	0.0	161857	2681.6812130092408	0.3
17378.12551853025	300	9.634906639233545	0.0	145210	1728.3517654668328	0.3
17379.979127910166	300	11.781297259316347	0.0	172312	1853.6093799171979	0.3
17381.804477281898	300	13.955947887585637	0.0	167025	1825.3493717307108	0.3
17383.6529555625	300	16.107469606987248	0.0	160064	1848.4782805983887	0.3
17390.451718872762	1200	13.30870629672271	0.0	538612	6798.763310264537	0.29999999999999993
17403.57238649334	1850	4.188038676144694	0.0	846370	13120.667620578017	1.2000000000000002

