12905.3570416225	750	4.0	2.993897582587049	450283	2993.897582587049	-12.12375960512431
12906.905289471664	300	6.451752150834994	0.0	155580	1548.247849165005	-0.15000000000000002
12907.54744607958	300	9.809595542918126	0.0	139857	642.1566079168676	0.3
12909.120477878225	750	12.23656374427377	0.0	382355	1573.031798644357	0.3
12910.550178736414	750	14.806862886084717	0.0	411561	1429.7008581890534	0.75
12911.408788463776	750	17.94825315872219	0.0	318564	858.6097273625275	0.75
12913.196505856642	1200	20.16053576585414	0.0	561791	1787.7173928680475	0.75
12915.508683408936	1200	21.848358213560264	0.0	709534	2312.1775522938756	1.2
12919.507634849388	2850	21.849406773109386	0.0	1348011	3998.9514404508786	1.2000000000000002
12924.064238684383	2850	21.29280293811491	0.0	1429765	4556.603834994477	2.85
12928.540985810896	2850	20.816055811600485	0.0	1354548	4476.747126514424	2.85
12933.759160029678	2850	19.597881592819867	0.0	1519951	5218.174218780619	2.85
12939.397595660754	2850	17.959445961743288	0.0	1422919	5638.435631076581	2.85
12945.534211885486	2850	15.822829737011416	0.0	1578343	6136.616224731871	2.85
12950.633805332833	2850	14.723236289665367	0.0	1231445	5099.593447346049	2.85
12955.901129926533	2850	13.455911695963987	0.0	1471065	5267.324593701381	2.85
12961.706305648404	2850	11.65073597409405	0.0	1491626	5805.175721869937	2.85
12967.18569784613	2850	10.17134377636688	0.0	1358801	5479.392197727168	2.85
12973.638463448906	2850	7.718578173590232	0.0	1537156	6452.765602776649	2.85
12979.02450340874	2850	6.3325382137574335	0.0	1336050	5386.039959832799	2.85
12984.982699088527	2850	4.374342533970436	0.0	1415116	5958.195679786997	2.85
12989.941036870452	1850	4.0	0.5839952479548247	955231	4958.337781925261	-1.661179566205746
12994.179393608612	1200	4.0	0.23835673816040254	656471	4238.3567381604025	-0.47493397408973104
12996.19935089261	750	5.980042716003757	0.0	343800	2019.957283996243	0.3
12998.730457854841	750	7.448935753772506	0.0	359903	2531.106962231251	0.75
13000.720760366747	750	9.458633241865787	0.0	379700	1990.30251190672	0.75
13002.959979197956	750	11.219414410656059	0.0	425781	2239.2188312097273	0.75
13005.786509017455	1200	12.392884591159016	0.0	487160	2826.5298194970437	0.75
13010.438397127267	1200	11.740996481345974	0.0	622896	4651.888109813043	1.2
13016.658509772054	1200	9.520883836557463	0.0	641447	6220.11264478851	1.2
13019.230172252193	1200	10.94922135641897	0.0	570392	2571.6624801384937	1.2
13021.45677307878	1200	12.722620529831326	0.0	620283	2226.6008265876426	1.2
13023.850000505556	1200	14.329393103057203	0.0	584349	2393.2274267741236	1.2
13026.486540454962	1200	15.692853153651834	0.0	670129	2636.5399494053704	1.2
13029.205788638079	1200	16.973604970533007	0.0	690253	2719.248183118827	1.2
13031.813894538194	1200	18.365499070417687	0.0	598727	2608.1059001153208	1.2
13033.931718103033	1200	20.247675505579952	0.0	487812	2117.8235648377376	1.2
13038.226312956032	1850	19.953080652579583	0.0	938587	4294.59485300037	1.2000000000000002
13041.39333463649	1850	20.786058972122078	0.0	908665	3167.021680457503	1.85
13045.194858186009	1850	20.984535422604797	0.0	930577	3801.523549517283	1.85
13051.16764238699	2850	19.01175122162357	0.0	1339500	5972.784200981225	1.85
13057.98668874409	2850	16.192704864525517	0.0	1527299	6819.046357098053	2.85
13063.348583701647	2850	14.830809906966854	0.0	1343002	5361.894957558662	2.85
13068.97625544314	2850	13.203138165474668	0.0	1587250	5627.671741492186	2.85
13074.483478570823	2850	11.695915037793206	0.0	1464921	5507.223127681461	2.85
13079.861391560638	2850	10.318002047978295	0.0	1483527	5377.912989814911	2.85
13084.902288055258	2850	9.277105553359334	0.0	1231456	5040.896494618961	2.85
13091.03961236722	2850	7.1397812413964115	0.0	1364537	6137.324311962922	2.85

