17027.62208182216	750	4.0	5.460500454044817	450283	5460.500454044817	-22.730151952392713
17028.92163644776	300	6.700445374400823	0.0	155580	1299.5546255991767	-0.15000000000000002
17030.059126150736	300	9.562955671427938	0.0	139857	1137.489702972886	0.3
17032.773859879202	750	10.848221942960164	0.0	382355	2714.7337284677715	0.3
17035.981011226097	750	11.641070596067674	0.0	411561	3207.151346892489	0.75
17038.332526529823	750	13.289555292339626	0.0	318564	2351.5153037280493	0.75
17040.702663576812	750	14.919418245351356	0.0	352642	2370.1370469882713	0.75
17046.506413703988	1200	13.115668118175508	0.0	709534	5803.750127175847	0.75
17050.704726762222	1200	12.917355059944931	0.0	584846	4198.313058230577	1.2
17058.068545737064	1200	9.553536085100081	0.0	560821	7363.818974844851	1.2
17067.04326248234	1200	4.578819339822315	0.0	607410	8974.716745277765	1.2
17068.52715193738	300	7.09492988478835	0.0	156148	1483.8894550339653	-0.6000000000000001
17069.87866266097	300	9.743419161197256	0.0	160746	1351.5107235910948	0.3
17071.48925178663	300	12.132830035536916	0.0	179801	1610.5891256603404	0.3
17073.14291782946	300	14.479163992703157	0.0	140051	1653.6660428337589	0.3
17075.294837052046	300	16.32724477011831	0.0	138313	2151.919222584849	0.3
17079.457100874395	750	16.16498094777185	0.0	360831	4162.26382234646	0.3
17084.87182802739	750	14.750253794776322	0.0	372963	5414.727152995527	0.75
17088.08651064301	750	15.535571179158904	0.0	405596	3214.682615617417	0.75
17091.490913134607	750	16.13116868755792	0.0	350713	3404.402491600984	0.75
17098.03665113497	750	13.585430687194279	0.0	386472	6545.73800036364	0.75
17102.934111261995	750	12.687970560170779	0.0	399894	4897.460127023501	0.75
17106.7488959191	750	12.873185903065284	0.0	401853	3814.784657105494	0.75
17110.580279598205	750	13.041802223959126	0.0	343800	3831.3836791061585	0.75
17113.66644396183	750	13.955637860337502	0.0	359903	3086.164363621624	0.75
17116.159165357978	750	15.46291646418996	0.0	379700	2492.721396147542	0.75
17118.84730555769	750	16.77477626447819	0.0	425781	2688.140199711769	0.75
17120.60622235365	750	19.015859468519427	0.0	277716	1758.9167959587642	0.75
17124.60068217715	1200	19.02139964501514	0.0	622896	3994.4598235042868	0.75
17128.724227659954	1200	18.89785416221709	0.0	641447	4123.545482798051	1.2
17132.481227400454	1200	19.14085442171191	0.0	570392	3756.999740505176	1.2
17136.780543505185	1200	18.841538316984007	0.0	620283	4299.316104727905	1.2
17140.216025542602	1200	19.40605627956606	0.0	584349	3435.4820374179476	1.2
17147.58098867229	1850	16.04109314987951	0.0	1035329	7364.963129686546	1.2000000000000002
17153.48075474559	1850	14.141327076580565	0.0	1026056	5899.766073298949	1.85
17158.996198123285	1850	12.62588369888382	0.0	943942	5515.443377696746	1.85
17163.28292427516	1850	12.339157547008643	0.0	728962	4286.726151875177	1.85
17170.72337168911	1850	8.89871013305821	0.0	938587	7440.447413950433	1.85
17176.961543251207	1200	6.660538570960312	0.0	605884	6238.1715620978985	0.5499999999999999
17180.769756033886	750	6.852325788282962	0.0	390680	3808.21278267735	0.3
17184.028345252445	750	7.593736569720523	0.0	345516	3258.589218562439	0.75
17187.588892205786	750	8.033189616383206	0.0	384505	3560.5469533373175	0.75
17189.087627273362	300	10.534454548808467	0.0	145210	1498.735067574738	-0.15000000000000002
17192.31794504002	750	11.30413678214914	0.0	438281	3230.3177666593274	0.3
17194.776990808405	750	12.845091013766979	0.0	398987	2459.0457683821633	0.75
17197.113757746447	750	14.508324075726259	0.0	393804	2336.7669380407183	0.75
17202.403286560064	1850	13.218795262110826	0.0	830730	5289.528813615434	0.75
17211.26832820122	2850	8.35375362095399	0.0	1364537	8865.041641156835	1.85

