15526.172924224908	750	4.0	2.731225734575557	450283	2731.225734575557	-10.994270658674894
15527.136381119044	300	7.036543105862896	0.0	155580	963.4568941371031	-0.15000000000000002
15529.343965374108	750	8.828958850798239	0.0	350812	2207.584255064658	0.3
15534.416210974108	750	7.756713250798628	0.0	382355	5072.245599999611	0.75
15539.747692754272	750	6.425231470633974	0.0	411561	5331.481780164654	0.75
15541.316267728658	300	8.856656496247764	0.0	126289	1568.5749743862089	-0.15000000000000002
15543.313532091923	300	10.859392132982466	0.0	153295	1997.2643632652969	0.3
15546.433000453882	300	11.739923771023951	0.0	173849	3119.468361958514	0.3
15548.001537971075	300	14.171386253830871	0.0	150710	1568.5375171930807	0.3
15549.209730623834	300	16.963193601071794	0.0	139105	1208.1926527590774	0.3
15550.49430889999	300	19.678615324915963	0.0	141840	1284.578276155833	0.3
15553.400586442189	750	20.77233778271575	0.0	405134	2906.2775422002132	0.3
15555.95448719773	750	22.218437027173778	0.0	386351	2553.900755541971	0.75
15561.669756134901	1200	20.503168090003662	0.0	687371	5715.268937170115	0.75
15565.468431354653	1200	20.704492870251205	0.0	526950	3798.675219752459	1.2
15570.464564250173	1200	19.708359974731685	0.0	587876	4996.132895519519	1.2
15576.185855805325	1200	17.987068419580268	0.0	617242	5721.291555151415	1.2
15579.752015761362	1200	18.420908463542276	0.0	581493	3566.1599560379927	1.2
15583.962050286367	1200	18.210873938536462	0.0	639204	4210.034525005814	1.2
15587.099655760328	1200	19.073268464574728	0.0	586839	3137.6054739617307	1.2
15590.350205751387	1200	19.822718473516012	0.0	601738	3250.549991058717	1.2
15593.967400156178	1200	20.20552406872618	0.0	616206	3617.1944047898323	1.2
15600.190294813907	1850	17.98262941099699	0.0	968026	6222.894657729192	1.2000000000000002
15605.015114194892	1850	17.157810030011294	0.0	874175	4824.819380985696	1.85
15609.913303014688	1850	16.259621210214743	0.0	897976	4898.188819796551	1.85
15614.166091732004	1850	16.006832492898788	0.0	905935	4252.7887173159515	1.85
15618.923911234253	1850	15.249012990650915	0.0	1076599	4757.819502247874	1.85
15622.024330643944	1850	16.148593580958522	0.0	758197	3100.419409692394	1.85
15625.943713833642	1850	16.229210391262477	0.0	972798	3919.383189696046	1.85
15629.727108787736	1850	16.44581543716802	0.0	975811	3783.3949540944586	1.85
15633.570907261446	1850	16.602016963457338	0.0	873429	3843.7984737106767	1.85
15637.01072940086	1850	17.162194824042604	0.0	954453	3439.822139414736	1.85
15640.087697818259	1850	18.085226406643695	0.0	885062	3076.968417398908	1.85
15647.141142967059	2850	15.031781257843278	0.0	1587293	7053.445148800416	1.85
15655.406031297889	2850	10.766892927012432	0.0	1492672	8264.888330830847	2.85
15659.914615471303	1850	10.258308753597925	0.0	943942	4508.584173414507	0.8500000000000001
15663.790563060948	1850	10.382361163955526	0.0	728962	3875.9475896423987	1.85
15667.8083786753	1850	10.364545549604449	0.0	938587	4017.8156143510764	1.85
15674.057176573186	1850	8.11574765171844	0.0	908665	6248.797897886008	1.85
15676.985970602454	1200	9.186953622448575	0.0	587506	2928.7940292698654	0.5499999999999999
15680.245488559394	1200	9.927435665508611	0.0	566904	3259.5179569399647	1.2
15683.252867148405	1200	10.9200570764982	0.0	641452	3007.3785890104095	1.2
15686.410553819567	1200	11.76237040533665	0.0	599477	3157.6866711615494	1.2
15689.512235571052	1200	12.660688653852242	0.0	634861	3101.68175148441	1.2
15693.206821076035	1200	12.966103148866877	0.0	630203	3694.585504985365	1.2
15700.944937875154	2850	9.227986349749411	0.0	1483527	7738.116799117465	1.2000000000000002
15706.057339971234	2850	8.115584253669907	0.0	1231456	5112.402096079505	2.85
15710.246796345655	2850	7.926127879248556	0.0	1364537	4189.456374421351	2.85

