13282.116838182737	750	4.0	2.342534869962582	450283	2342.534869962582	-9.322899940839102
13285.195188470312	750	4.9216497124265635	0.0	398865	3078.3502875734366	0.75
13286.810039090438	750	7.306799092300231	0.0	350812	1614.8506201263315	0.75
13288.26878807126	750	9.848050111478656	0.0	382355	1458.7489808215746	0.75
13290.5209898042	1200	11.595848378540264	0.0	652874	2252.2017329383925	0.75
13292.288394836081	1200	13.828443346657455	0.0	520315	1767.4050318828079	1.2
13293.982962614951	1200	16.13387556778728	0.0	561791	1694.567778870175	1.2
13296.276262767467	1200	17.840575415271026	0.0	709534	2293.3001525162554	1.2
13300.822904807517	2850	17.29393337522116	0.0	1348011	4546.642040049866	1.2000000000000002
13307.855698162828	2850	14.261140019911647	0.0	1429765	7032.7933553095145	2.85
13312.89231365572	2850	13.224524527017815	0.0	1354548	5036.615492893832	2.85
13317.681270522304	2850	12.43556766043527	0.0	1519951	4788.956866582544	2.85
13322.074229043335	2850	12.04260913940417	0.0	1422919	4392.9585210311	2.85
13327.113692928082	2850	11.003145254657376	0.0	1578343	5039.463884746794	2.85
13330.692280687992	1850	11.424557494747445	0.0	821631	3578.587759909931	0.8500000000000001
13335.024356848715	1850	11.092481334023706	0.0	923170	4332.076160723741	1.85
13338.952976359853	1850	11.163861822884744	0.0	966699	3928.6195111389598	1.85
13342.474090448823	1850	11.642747733914565	0.0	885714	3521.1140889701796	1.85
13345.980613112988	1850	12.136225069749262	0.0	987708	3506.522664165303	1.85
13349.742758910837	1850	12.374079271901163	0.0	923755	3762.1457978481	1.85
13354.686117892094	1850	11.430720290643544	0.0	891604	4943.358981257619	1.85
13360.11009548282	1850	10.006742699916547	0.0	955231	5423.977590726996	1.85
13365.00276397806	1850	9.11407420467685	0.0	968026	4892.668495239696	1.85
13370.183685989374	1850	7.933152193363306	0.0	874175	5180.922011313544	1.85
13375.649604187407	1850	6.4672339953315525	0.0	897976	5465.9181980317535	1.85
13379.86738119573	1200	6.249456987006692	0.0	590335	4217.777008324861	0.5499999999999999
13384.238669671831	1200	5.878168510907308	0.0	696376	4371.288476099384	1.2
13387.800352463706	1200	6.316485719032851	0.0	487160	3561.682791874457	1.2
13392.41494160801	1200	5.701896574726766	0.0	622896	4614.589144306085	1.2
13397.77790223848	1200	4.338935944258531	0.0	641447	5362.960630468236	1.2
13400.881925453643	750	5.2349127290975614	0.0	358218	3104.0232151609703	0.3
13404.147986057644	750	5.968852125096251	0.0	400322	3266.060604001311	0.75
13408.204717002809	750	5.912121179929788	0.0	369834	4056.7309451664623	0.75
13412.679185487119	750	5.437652695619336	0.0	412837	4474.4684843104515	0.75
13422.1263936823	750	4.0	4.009555499560628	401088	9447.208195179965	-16.4910886481107
13424.04123236805	300	6.085161314248273	0.0	159914	1914.8386857517273	-0.15000000000000002
13426.636394689993	300	7.489998992305909	0.0	131610	2595.162321942363	0.3
13428.790890269815	300	9.335503412483776	0.0	124011	2154.495579822133	0.3
13432.054806002681	300	10.071587679616282	0.0	144254	3263.9157328674933	0.3
13434.195690485447	300	11.930703196850896	0.0	149991	2140.8844827653857	0.3
13435.577728298746	300	14.548665383551901	0.0	147968	1382.0378132989952	0.3
13436.826294801649	300	17.30009888064873	0.0	161857	1248.5665029031709	0.3
13438.016369042098	300	20.110024640199008	0.0	145210	1190.0742404497196	0.3
13440.428656104932	750	21.697737577365597	0.0	438281	2412.2870628334103	0.3
13443.251045479403	750	22.875348202895783	0.0	398987	2822.3893744698144	0.75
13449.18202244893	1850	20.944371233367836	0.0	982064	5930.976969527951	0.75
13457.591273854647	2850	16.535119827649314	0.0	1231456	8409.251405718516	1.85
13466.520570574346	2850	11.605823107949963	0.0	1364537	8929.296719699354	2.85

