25729.22187526668	750	4.0	0.848125509873515	450283	848.1255098735149	-2.8969396924561144
25731.07226228076	1850	6.14961298592224	0.0	957685	1850.3870140777597	0.75
25732.95758546253	1850	8.264289804153233	0.0	877771	1885.323181769007	1.85
25734.674122087883	1850	10.547753178798622	0.0	933276	1716.5366253546108	1.85
25737.58062320311	2850	11.64125206357196	0.0	1472558	2906.501115226663	1.85
25739.951044028046	2850	13.270831238635783	0.0	1224260	2370.420824936176	2.85
25743.926461614057	4300	13.295413652624054	0.0	2157535	3975.417586011729	2.8499999999999996
25748.12322808448	4300	13.098647182199162	0.0	2290172	4196.766470424892	4.3
25751.952711850463	4300	13.269163416217463	0.0	2055469	3829.483765981699	4.3
25756.12008698437	4300	13.101788282311048	0.0	2169201	4167.375133906416	4.3
25760.508003724295	4300	12.713871542385817	0.0	2173522	4387.916739925231	4.3
25764.235372387684	4300	12.986502878998191	0.0	2102452	3727.368663387627	4.3
25768.61220939408	4300	12.609665872605524	0.0	2209463	4376.837006392669	4.3
25772.848135200515	4300	12.373740066167422	0.0	2275376	4235.925806438102	4.3
25776.76606380224	4300	12.455811464445075	0.0	2005399	3917.928601722348	4.3
25781.281756791635	4300	11.940118475046507	0.0	2152483	4515.692989398568	4.3
25785.433570640493	4300	11.788304626188314	0.0	2289689	4151.8138488581935	4.3
25789.301814873845	4300	11.92006039283804	0.0	2059512	3868.244233350272	4.3
25793.409178366688	4300	11.81269689999408	0.0	2220726	4107.3634928439615	4.3
25797.375968974306	4300	11.845906292373225	0.0	2156729	3966.7906076208546	4.3
25800.879232679832	4300	12.342642586846118	0.0	2039773	3503.263705527108	4.3
25805.105083655686	4300	12.116791610993248	0.0	2176469	4225.850975852868	4.3
25809.451523294643	4300	11.770351972037487	0.0	2221506	4346.439638955762	4.3
25813.586309614224	4300	11.635565652455904	0.0	2044075	4134.786319581583	4.3
25817.822790406248	4300	11.39908486042752	0.0	2186790	4236.480792028385	4.3
25821.55653740311	4300	11.665337863566744	0.0	2105231	3733.7469968607743	4.3
25825.822396289514	4300	11.39947897716413	0.0	2395588	4265.858886402614	4.3
25829.796664569596	4300	11.425210697079743	0.0	1972048	3974.2682800843872	4.3
25833.56398781555	4300	11.657887451128955	0.0	2134614	3767.3232459507867	4.3
25837.673876729183	4300	11.547998537492479	0.0	2164140	4109.888913636478	4.3
25841.687048124964	4300	11.53482714171144	0.0	2113193	4013.1713957810375	4.3
25845.797826895654	4300	11.424048371021945	0.0	2147852	4110.778770689496	4.3
25849.936787249066	4300	11.285088017611363	0.0	2191074	4138.960353410583	4.3
25854.207574878215	4300	11.014300388461296	0.0	2286761	4270.787629150068	4.3
25858.41562402304	4300	10.806251243636883	0.0	2307787	4208.049144824412	4.3
25862.4865693279	4300	10.735305938777872	0.0	2143948	4070.945304859011	4.3
25866.239042129208	4300	10.982833137467475	0.0	1919781	3752.4728013103986	4.3
25870.476805425606	4300	10.745069841066945	0.0	2147467	4237.76329640053	4.3
25874.209041767037	4300	11.01283349963534	0.0	2133870	3732.236341431604	4.3
25878.61106936326	4300	10.610805903410924	0.0	2146120	4402.027596224415	4.3
25882.48440955275	4300	10.73746571392	0.0	2108491	3873.3401894909234	4.3
25886.67774103794	4300	10.544134228734313	0.0	2184571	4193.3314851856885	4.3
25891.124078523993	4300	10.097796742679453	0.0	2121928	4446.33748605486	4.3
25895.23825168714	4300	9.98362357953457	0.0	2219102	4114.173163144884	4.3
25899.17919466145	4300	10.042680605225538	0.0	2124950	3940.942974309032	4.3
25903.35059221996	4300	9.87128304671494	0.0	2246506	4171.397558510598	4.3
25906.911360152564	4300	10.310515114110936	0.0	1961140	3560.767932604004	4.3
25910.635259556646	4300	10.586615710027898	0.0	2155012	3723.899404083039	4.3

