21032.400661505573	750	4.0	4.236019030700693	450283	4236.019030700693	-17.46488183201298
21033.543370523155	300	6.857290982416554	0.0	155580	1142.7090175834455	-0.15000000000000002
21035.02130059136	300	9.379360914208803	0.0	139857	1477.9300682077526	0.3
21036.721670941446	300	11.678990564121813	0.0	155432	1700.37035008699	0.3
21038.266276417686	300	14.134385087878595	0.0	163442	1544.605476243219	0.3
21040.31566960757	750	16.084991897994126	0.0	318564	2049.393189884467	0.3
21043.87654414934	750	16.524117356222924	0.0	352642	3560.8745417712034	0.75
21049.95199897792	750	14.44866252764875	0.0	437162	6075.454828574172	0.75
21057.262073371763	750	11.138588133801541	0.0	374758	7310.07439384721	0.75
21063.022364977453	750	9.37829652811318	0.0	362795	5760.291605688361	0.75
21065.590845274375	300	10.809816231190867	0.0	141840	2568.4802969223124	-0.15000000000000002
21068.647448303593	300	11.753213201971706	0.0	156148	3056.6030292191613	0.3
21071.75141107046	300	12.649250435100386	0.0	160746	3103.96276687132	0.3
21074.11667409028	300	14.28398741528136	0.0	179801	2365.2630198190272	0.3
21075.263220063567	300	17.13744144199633	0.0	140051	1146.545973285032	0.3
21076.28221458125	300	20.118446924311442	0.0	138313	1018.9945176848853	0.3
21077.271466943643	300	23.129194561916908	0.0	143509	989.2523623945339	0.3
21079.901201639394	750	24.49945986616659	0.0	372963	2629.734695750322	0.3
21083.39744876439	1200	25.003212741169172	0.0	639204	3496.2471249974164	0.75
21085.761124204106	1200	26.6395373014535	0.0	586839	2363.6754397156733	1.2
21092.47117221869	1200	23.92948928686677	0.0	601738	6710.04801458673	1.2
21097.44717674994	1200	22.953484755617737	0.0	616206	4976.004531249032	1.2
21103.10594797275	1200	21.294713532808775	0.0	656471	5658.77122280896	1.2
21107.83486011457	1200	20.56580139098474	0.0	536667	4728.912141824037	1.2
21114.341492513286	1200	18.059168992271147	0.0	587236	6506.632398713591	1.2
21116.399699226287	750	20.000962279267625	0.0	379700	2058.206713003526	0.3
21119.256620029126	1200	21.14404147642791	0.0	696376	2856.9208028397156	0.75
21121.436492009027	1200	22.964169496527518	0.0	487160	2179.871979900394	1.2
21125.047098483312	1200	23.353563022240042	0.0	622896	3610.6064742874746	1.2
21129.471376220663	1200	22.929285284889637	0.0	641447	4424.277737350405	1.2
21134.576896243085	1200	21.823765262469376	0.0	570392	5105.520022420261	1.2
21140.24300595892	1200	20.15765554663199	0.0	620283	5666.10971583739	1.2
21145.32015988963	1200	19.08050161592392	0.0	584349	5077.153930708068	1.2
21152.24487337356	1200	16.155788131996673	0.0	670129	6924.713483927247	1.2
21172.330314144434	1200	4.0	3.929652638877593	690253	20085.440770874266	-15.69750634717365
21177.875863007586	300	4.0	1.5455488631531444	159914	5545.548863153144	-7.245860111558521
21181.94786403859	300	4.0	0.07200103100276464	131610	4072.0010310027646	-0.009604433311887983
21185.945712042667	300	4.002151995923361	0.0	124011	3997.8480040766385	0.3
21190.334875747394	300	4.0	0.38701170880439756	144254	4389.163704727759	-1.3641503478589094
21194.725368832827	300	4.0	0.39049308543424194	149991	4390.493085434242	-1.3791202673672402
21199.026774502698	300	4.0	0.30140566987081363	147968	4301.405669870814	-0.9960443804444985
21203.656007117024	300	4.0	0.6292326143280798	161857	4629.23261432808	-2.405700241610743
21207.887932849175	300	4.0	0.23192573215039283	145210	4231.925732150393	-0.6972806482466891
21212.9095997509	300	4.0	1.0216669017236	172312	5021.6669017236	-4.09316767741148
21217.111024424088	300	4.0	0.20142467318715626	167025	4201.424673187156	-0.5661260947047719
21219.037510845472	300	6.073513578615332	0.0	160064	1926.4864213846681	0.3
21220.175578540242	300	8.935445883841671	0.0	137507	1138.0676947736586	0.3
21222.111695931057	750	10.999328493027235	0.0	314107	1936.1173908144367	0.3

