12342.60394652414	750	4.0	2.54228302815134	450283	2542.28302815134	-10.181817021050762
12344.389956219986	750	6.213990304153536	0.0	398865	1786.0096958464633	0.75
12345.651227623812	750	8.95271890032892	0.0	350812	1261.2714038246152	0.75
12348.7310009833	1200	9.872945540839966	0.0	617681	3079.7733594889537	0.75
12351.385012173534	1200	11.218934350605542	0.0	652874	2654.0111902344256	1.2
12353.495624701782	1200	13.108321822357212	0.0	520315	2110.612528248331	1.2
12358.842062331616	1850	11.761884192521713	0.0	905515	5346.437629835499	1.2000000000000002
12376.969011202356	1850	4.0	6.3650646782169895	1060487	18126.948870738703	-25.519778116333054
12378.405404053712	300	6.56360714864266	0.0	150710	1436.3928513573403	-1.25
12379.615590675578	300	9.353420526778164	0.0	139105	1210.1866218644966	0.3
12380.84852121342	300	12.12048998893524	0.0	141840	1232.930537842923	0.3
12382.267505562893	300	14.701505639460768	0.0	156148	1418.984349474472	0.3
12384.205273356041	300	16.76373784631457	0.0	160746	1937.7677931461992	0.3
12388.575020505208	750	16.393990697146638	0.0	434409	4369.747149167933	0.3
12391.117433178866	750	17.851578023489257	0.0	337059	2542.412673657382	0.75
12393.699885970755	750	19.26912523160045	0.0	366214	2582.4527918888057	0.75
12398.585443234184	1200	18.383567968171143	0.0	617242	4885.557263429308	0.75
12402.836333195572	1200	18.132678006784865	0.0	581493	4250.889961386278	1.2
12408.35001234667	1200	16.618998855685962	0.0	639204	5513.679151098904	1.2
12413.551718982922	1200	15.417292219433472	0.0	586839	5201.70663625249	1.2
12417.795371439513	1200	15.173639762843155	0.0	601738	4243.652456590316	1.2
12422.20448359082	1200	14.76452761153507	0.0	616206	4409.112151308084	1.2
12427.765825162232	1200	13.203186040123757	0.0	656471	5561.341571411313	1.2
12432.508518014105	1200	12.460493188249872	0.0	536667	4742.692851873885	1.2
12437.527390315705	1200	11.441620886651023	0.0	587236	5018.872301598849	1.2
12441.59482233694	1200	11.374188865414693	0.0	590335	4067.432021236328	1.2
12445.440553751767	1200	11.528457450588645	0.0	696376	3845.731414826048	1.2
12448.24278265502	1200	12.726228547335277	0.0	487160	2802.228903253368	1.2
12453.989314653876	1200	10.979696548478872	0.0	622896	5746.531998856404	1.2
12456.374071247757	1200	12.594939954595523	0.0	641447	2384.756593883351	1.2
12458.557731822631	1200	14.411279379721927	0.0	570392	2183.6605748735947	1.2
12460.949229345573	1200	16.019781856780465	0.0	620283	2391.4975229414617	1.2
12462.609132720756	1200	18.359878481598905	0.0	584349	1659.903375181558	1.2
12466.000703617192	1850	18.968307585161842	0.0	1035329	3391.5708964370638	1.2000000000000002
12470.01874248684	1850	18.950268715515232	0.0	1026056	4018.038869646613	1.85
12475.221790334528	1850	17.74722086782655	0.0	943942	5203.047847688681	1.85
12479.106901612195	1850	17.862109590161097	0.0	728962	3885.11127766545	1.85
12485.400827038855	1850	15.568184163501686	0.0	938587	6293.92542665941	1.85
12494.820131697234	1850	10.14887950512318	0.0	908665	9419.304658378507	1.85
12497.79711555504	750	11.171895647316502	0.0	390680	2976.9838578066774	-0.3500000000000001
12500.23510556511	750	12.733905637247492	0.0	345516	2437.9900100690097	0.75
12503.944160165462	750	13.024851036897743	0.0	384505	3709.0546003497466	0.75
12505.761467734372	750	15.20754346798714	0.0	372093	1817.307568910604	0.75
12507.80564822619	750	17.163362976169818	0.0	438281	2044.1804918173207	0.75
12510.966312023305	1200	18.002699179053366	0.0	630203	3160.663797116452	0.75
12513.757328088923	1200	19.211683113437378	0.0	638661	2791.0160656159874	1.2
12520.130364160705	2850	16.83864704165396	0.0	1231456	6373.036071783421	1.2000000000000002
12525.483111371163	2850	15.485899831195896	0.0	1364537	5352.747210458063	2.85

