14034.001461505817	750	4.0	4.034106319630938	450283	4034.106319630938	-16.596657174413032
14035.117762844504	300	6.883698661312633	0.0	155580	1116.3013386873674	-0.15000000000000002
14036.124299453168	300	9.877162052650885	0.0	139857	1006.5366086617488	0.3
14038.113782181204	750	11.887679324613066	0.0	382355	1989.4827280378192	0.3
14041.299911432443	750	12.701550073375051	0.0	411561	3186.1292512380146	0.75
14043.628687477385	750	14.372774028432476	0.0	318564	2328.7760449425755	0.75
14046.651620026152	1200	15.349841479665043	0.0	561791	3022.9325487674328	0.75
14050.065946739547	1200	15.935514766270538	0.0	709534	3414.3267133945055	1.2
14053.818519951867	1200	16.182941553950297	0.0	584846	3752.573212320244	1.2
14057.281354202232	1200	16.720107303585806	0.0	560821	3462.8342503644903	1.2
14059.62053876066	1200	18.38092274515648	0.0	607410	2339.1845584293255	1.2
14062.557171436707	1850	19.444290069109677	0.0	917428	2936.6326760468037	1.2000000000000002
14066.148431572601	1850	19.853029933215485	0.0	946851	3591.260135894191	1.85
14070.394584037767	1850	19.606877468049422	0.0	1036454	4246.152465166065	1.85
14073.643461366048	1850	20.358000139769775	0.0	821631	3248.8773282796465	1.85
14077.858245072184	1850	20.143216433633416	0.0	923170	4214.783706136359	1.85
14084.36004387099	1850	17.64141763482889	0.0	966699	6501.798798804526	1.85
14087.772882635676	1850	18.22857887014336	0.0	885714	3412.838764685529	1.85
14091.336997087414	1850	18.66446441840481	0.0	987708	3564.1144517385487	1.85
14096.606114256885	1850	17.39534724893336	0.0	923755	5269.117169471449	1.85
14100.508792670214	1850	17.492668835604345	0.0	891604	3902.678413329015	1.85
14104.435464919314	1850	17.565996586504216	0.0	955231	3926.6722491001256	1.85
14108.30838602437	1850	17.693075481449153	0.0	968026	3872.9211050550653	1.85
14111.503713951503	1850	18.497747554315342	0.0	874175	3195.3279271338088	1.85
14113.495752459305	1850	20.50570904651342	0.0	897976	1992.038507801922	1.85
14115.767924760257	1850	22.233536745560006	0.0	905935	2272.172300953414	1.85
14120.721412348787	2850	21.280049157031705	0.0	1547572	4953.487588528299	1.85
14124.2040715863	2850	21.79738991951765	0.0	1141971	3482.659237514056	2.85
14128.08160079475	2850	21.919860711066278	0.0	1498470	3877.5292084513726	2.85
14131.515110698749	2850	22.486350807068405	0.0	1561263	3433.509903997875	2.85
14134.026033980057	2850	23.975427525760637	0.0	1341201	2510.923281307769	2.85
14138.753052658576	4300	23.24840884724009	0.0	2147852	4727.018678520542	2.8499999999999996
14146.105580296076	4300	19.895881209739915	0.0	2191074	7352.527637500175	4.3
14155.278581431203	4300	14.722880074613364	0.0	2286761	9173.001135126553	4.3
14158.795434392274	2850	15.206027113542222	0.0	1492672	3516.852961071143	1.4000000000000001
14162.089160343634	2850	15.912301162180935	0.0	1439896	3293.725951361286	2.85
14164.74292821276	2850	17.258533293055326	0.0	1139291	2653.7678691256096	2.85
14168.479685871866	2850	17.521775633948934	0.0	1499009	3736.757659106392	2.85
14172.133761273366	2850	17.867700232449867	0.0	1427478	3654.075401499068	2.85
14178.24734987958	4300	15.754111626233739	0.0	2146120	6113.588606216131	2.8499999999999996
14186.783186905472	4300	11.218274600344468	0.0	2108491	8535.83702588927	4.3
14195.026905401684	4300	6.97455610413133	0.0	2184571	8243.718496213138	4.3
14197.94150468545	1850	8.059956820366127	0.0	886255	2914.5992837652025	-0.6000000000000001
14201.7719119652	1850	8.229549540617628	0.0	973972	3830.4072797484996	1.85
14206.641194295817	1850	7.360267210001125	0.0	958994	4869.282330616502	1.85
14211.791655848694	1850	6.209805657122279	0.0	982064	5150.461552878846	1.85
14218.049242785044	1850	4.0	0.0477812792259374	830730	6257.586936348216	1.6445404993284694
14222.354635341537	1200	4.0	0.30539255649190183	550906	4305.392556491902	-0.7631879929151778

