22159.938861871557	750	4.0	4.2446647119615655	450283	4244.664711961565	-17.50205826143473
22161.35365000509	300	6.5852118664659365	0.0	155580	1414.7881335340633	-0.15000000000000002
22162.617341337434	300	9.321520534123353	0.0	139857	1263.6913323425845	0.3
22163.995253885285	300	11.94360798627423	0.0	155432	1377.9125478491217	0.3
22165.481751921474	300	14.457109950084448	0.0	163442	1486.4980361897813	0.3
22166.456004265143	300	17.482857606415696	0.0	126289	974.252343668756	0.3
22170.170565534783	1200	17.768296336779173	0.0	561791	3714.5612696365206	0.29999999999999993
22175.782931160193	1200	16.15593071136768	0.0	709534	5612.365625411493	1.2
22180.25174320105	1200	15.687118670510676	0.0	584846	4468.812040857005	1.2
22185.50882790273	1200	14.430033968830186	0.0	560821	5257.084701680489	1.2
22190.693116270384	1200	13.245745601176408	0.0	607410	5184.288367653778	1.2
22195.466184111414	1200	12.472677760148192	0.0	594078	4773.067841028216	1.2
22200.60314107901	1200	11.335720792551244	0.0	624282	5136.956967596946	1.2
22205.228910985436	1200	10.709950886122675	0.0	687371	4625.76990642857	1.2
22208.442572104097	1200	11.496289767462484	0.0	526950	3213.6611186601917	1.2
22212.914745879072	1200	11.024115992487667	0.0	587876	4472.173774974816	1.2
22218.022834835177	1200	9.916027036380171	0.0	617242	5108.0889561074955	1.2
22222.362589373504	1200	9.576272498055873	0.0	581493	4339.754538324297	1.2
22227.71683309852	1200	8.222028773039144	0.0	639204	5354.243725016731	1.2
22233.361328861767	1200	6.577533009793208	0.0	586839	5644.4957632459345	1.2
22236.755175416274	750	7.183686455281189	0.0	386472	3393.846554512019	0.3
22241.254489667255	750	6.684372204300527	0.0	399894	4499.314250980662	0.75
22247.851455801232	750	4.087406070321967	0.0	401853	6596.966133978561	0.75
22251.431711872272	300	4.507149999283843	0.0	137654	3580.2560710381226	-0.15000000000000002
22253.566448181104	300	6.372413690453192	0.0	146754	2134.736308830651	0.3
22256.32385893308	300	7.615002938477017	0.0	153938	2757.4107519761756	0.3
22259.552066402113	300	8.38679546944364	0.0	181901	3228.2074690333757	0.3
22261.231822772956	300	10.707039098602504	0.0	111155	1679.7563708411385	0.3
22263.48750402746	300	12.451357844100114	0.0	153605	2255.68125450239	0.3
22266.086867125963	300	13.851994745598171	0.0	149029	2599.363098501942	0.3
22268.68623932946	300	15.252622542098251	0.0	157421	2599.3722034999196	0.3
22270.3461466678	300	17.592715203758	0.0	157488	1659.9073383402526	0.3
22271.645294328027	300	20.29356754353387	0.0	143881	1299.14766022413	0.3
22274.66036569768	750	21.278496173879294	0.0	412837	3015.071369654574	0.3
22277.766345688142	750	22.172516183421006	0.0	401088	3105.979990458292	0.75
22280.58727487915	750	23.35158699241219	0.0	365161	2820.9291910088136	0.75
22283.70735311947	1200	24.231508752093163	0.0	487812	3120.0782403190287	0.75
22287.333429067818	1200	24.60543280374856	0.0	575591	3626.075948344601	1.2
22291.894027213635	1200	24.044834657927968	0.0	605884	4560.598145820594	1.2
22295.824336293466	1200	24.114525578098142	0.0	587506	3930.3090798298267	1.2
22299.418047177965	1200	24.52081469359909	0.0	566904	3593.7108844990553	1.2
22309.102887161058	1850	18.835974710509674	0.0	1025005	9684.83998308941	1.2000000000000002
22317.08901873912	1850	14.849843132449747	0.0	886255	7986.13157805993	1.85
22322.31894100494	1200	13.619920866627295	0.0	634861	5229.922265822452	0.5499999999999999
22329.53463360339	1200	10.404228268178933	0.0	630203	7215.692598448361	1.2
22335.916839505477	1200	8.022022366092616	0.0	638661	6382.205902086318	1.2
22339.368113702883	1200	8.570748168683984	0.0	538612	3451.274197408631	1.2
22344.078991266877	1850	7.859870604690677	0.0	846370	4710.8775639933065	1.2000000000000002

