14411.574114213752	750	4.0	1.7227784527213061	450283	1722.7784527213062	-6.657947346701616
14414.432439040384	1200	5.141675173368664	0.0	611087	2858.3248266313362	0.75
14416.660112815267	1200	6.914001398485716	0.0	571051	2227.673774882948	1.2
14418.83733128865	1200	8.736782925102322	0.0	617681	2177.218473383394	1.2
14421.454437328433	1200	10.119676885320033	0.0	652874	2617.1060397822894	1.2
14423.811633221154	1200	11.762480992599599	0.0	520315	2357.1958927204328	1.2
14426.985462559573	1200	12.588651654179598	0.0	561791	3173.829338420003	1.2
14433.212454329368	1850	10.361659884384826	0.0	1060487	6226.99176979477	1.2000000000000002
14437.542331791285	1850	10.031782422467598	0.0	852833	4329.877461917227	1.85
14442.823665044145	1850	8.750449169606892	0.0	913888	5281.333252860706	1.85
14448.544768932263	1850	7.029345281490907	0.0	939819	5721.103888115986	1.85
14452.821875241865	1200	6.752238971889552	0.0	594078	4277.106309601355	0.5499999999999999
14456.641393547961	1200	6.932720665791618	0.0	624282	3819.518306097934	1.2
14462.058766430715	1200	5.515347783037718	0.0	687371	5417.372882753899	1.2
14465.804626232974	1200	5.769487980778743	0.0	526950	3745.8598022589754	1.2
14470.875879055646	1200	4.698235158108038	0.0	587876	5071.252822670705	1.2
14473.863479923268	750	5.7106342904873255	0.0	360831	2987.6008676207134	0.3
14476.974917189333	750	6.599197024420704	0.0	372963	3111.4372660666218	0.75
14481.49258434628	750	6.081529867473069	0.0	405596	4517.667156947635	0.75
14485.283972441208	750	6.290141772547591	0.0	350713	3791.3880949254776	0.75
14493.69434853477	750	4.0	2.1202343210135934	386472	8410.376093561184	-8.367007580358452
14496.264249459737	300	5.430099075032015	0.0	157812	2569.9009249679852	-0.15000000000000002
14499.076091890653	300	6.618256644116001	0.0	163927	2811.8424309160123	0.3
14501.87270005311	300	7.821648481657823	0.0	137654	2796.6081624581793	0.3
14504.647828626177	300	9.04651990859277	0.0	146754	2775.128573065052	0.3
14507.313100809957	300	10.381247724811262	0.0	153938	2665.27218378151	0.3
14508.703332893414	300	12.991015641353924	0.0	181901	1390.232083457336	0.3
14509.632800188749	300	16.061548346020672	0.0	111155	929.4672953332515	0.3
14510.74112824464	300	18.953220290130172	0.0	153605	1108.328055890503	0.3
14511.680208860818	300	22.014139673951114	0.0	149029	939.0806161790564	0.3
14513.730549609672	750	23.96379892509683	0.0	358218	2050.340748854282	0.3
14516.617122328524	750	25.07722620624594	0.0	400322	2886.572718850893	0.75
14519.003606064694	750	26.690742470075314	0.0	369834	2386.483736170623	0.75
14522.83496800148	1200	26.85938053329004	0.0	670129	3831.361936785273	0.75
14530.136160956632	1850	23.558187578136224	0.0	1026056	7301.192955153818	1.2000000000000002
14537.044367215949	1850	20.64998131882009	0.0	943942	6908.206259316135	1.85
14540.511515115135	1850	21.182833419633084	0.0	728962	3467.1478991870067	1.85
14544.627262737304	1850	21.06708579746399	0.0	938587	4115.747622169094	1.85
14548.426515613386	1850	21.267832921380776	0.0	908665	3799.252876083209	1.85
14552.1462841671	1850	21.548064367666907	0.0	930577	3719.76855371387	1.85
14556.20186165679	1850	21.49248687797744	0.0	858450	4055.577489689465	1.85
14563.593224830149	1850	18.10112370461749	0.0	1025005	7391.36317335995	1.85
14568.841505861137	1850	16.852842673629162	0.0	886255	5248.281030988327	1.85
14579.473348560768	1850	10.22099997399723	0.0	973972	10631.842699631932	1.85
14596.17795751101	1200	4.0	6.483608976243904	630203	16704.608950241134	-27.329518597848786
14599.715900020898	300	4.462057490112898	0.0	160064	3537.942509887102	-0.6000000000000001
14602.92349977114	300	5.254457739870977	0.0	137507	3207.599750241921	0.3
14605.904462771414	300	6.2734947395948595	0.0	118421	2980.963000276118	0.3

