16455.159427490726	750	4.0	5.127185897414645	450283	5127.185897414644	-21.29689935888297
16457.052708991978	300	6.106718498746048	0.0	155580	1893.2815012539522	-0.15000000000000002
16458.69567089428	300	8.463756596441497	0.0	139857	1642.961902304551	0.3
16460.53462754144	300	10.624799949282068	0.0	155432	1838.9566471594298	0.3
16465.167035543207	750	9.9923919475178	0.0	411561	4632.408001764267	0.3
16469.12735488722	750	10.032072603502813	0.0	318564	3960.319344014989	0.75
16472.527482460908	750	10.631945029815714	0.0	352642	3400.1275736870994	0.75
16476.885385466798	750	10.274042023924258	0.0	437162	4357.903005891456	0.75
16481.06448223628	750	10.09494525444225	0.0	374758	4179.096769482008	0.75
16484.907268270978	750	10.25215921974386	0.0	362795	3842.7860346983907	0.75
16489.733393627783	750	9.426033862938525	0.0	353220	4826.125356805334	0.75
16494.80868681078	750	8.350740679942733	0.0	405134	5075.29318299579	0.75
16497.95759160494	750	9.201835885780167	0.0	386351	3148.9047941625668	0.75
16500.808628286955	750	10.350799203767274	0.0	434409	2851.0366820128934	0.75
16503.280413782428	750	11.879013708292995	0.0	337059	2471.7854954742797	0.75
16506.029104914127	750	13.130322576595159	0.0	366214	2748.691131697835	0.75
16508.71228443213	750	14.447143058591122	0.0	360831	2683.1795180040363	0.75
16511.569099227156	750	15.590328263565771	0.0	372963	2856.8147950253524	0.75
16516.912447326933	1200	14.246980163791013	0.0	639204	5343.348099774758	0.75
16522.571183350778	1200	12.58824413994662	0.0	586839	5658.736023844395	1.2
16533.00363523069	1200	6.155792260035434	0.0	601738	10432.451879911185	1.2
16536.008319740587	300	7.151107750135805	0.0	157812	3004.6845098996287	-0.6000000000000001
16538.81471069233	300	8.344716798392732	0.0	163927	2806.3909517430734	0.3
16541.765508457644	300	9.393919033080692	0.0	137654	2950.7977653120392	0.3
16545.214260911045	300	9.945166579679102	0.0	146754	3448.75245340159	0.3
16547.751642423354	300	11.407785067369442	0.0	153938	2537.3815123096597	0.3
16551.24145038599	300	11.917977104734076	0.0	181901	3489.807962635366	0.3
16553.390468041554	300	13.768959449169962	0.0	111155	2149.0176555641137	0.3
16556.354818122963	300	14.804609367761064	0.0	153605	2964.3500814088984	0.3
16558.991491481815	300	16.167936008911163	0.0	149029	2636.6733588499005	0.3
16561.44640994577	300	17.713017544957687	0.0	157421	2454.9184639534756	0.3
16564.16464739951	300	18.99478009121508	0.0	157488	2718.237453742605	0.3
16567.297436372322	300	19.861991118401424	0.0	143881	3132.788972813659	0.3
16572.21386022178	300	18.945567268946945	0.0	163444	4916.423849454477	0.3
16578.504189967174	300	16.65523752354872	0.0	179328	6290.329745398225	0.3
16582.966761441243	300	16.192666049481808	0.0	159914	4462.57147406691	0.3
16586.22162099691	300	16.93780649381646	0.0	131610	3254.8595556653486	0.3
16588.806880551558	300	18.35254693916787	0.0	124011	2585.25955464859	0.3
16591.252621530723	300	19.906805960001925	0.0	144254	2445.7409791659466	0.3
16593.13171741481	300	22.02771007591476	0.0	149991	1879.0958840871633	0.3
16595.06689079057	300	24.092536700153648	0.0	147968	1935.1733757611144	0.3
16597.638522306268	300	25.520905184457444	0.0	161857	2571.6315156962037	0.3
16599.92039428443	300	27.239033206297307	0.0	145210	2281.8719781601353	0.3
16608.289051046027	750	22.870376444696152	0.0	438281	8368.656761601158	0.3
16615.440266198602	750	19.7191612921236	0.0	398987	7151.2151525725485	0.75
16619.97023602067	750	19.189191470055327	0.0	393804	4529.969822068273	0.75
16624.96247013845	1200	18.196957352276936	0.0	538612	4992.234117778395	0.75
16637.15300552418	1850	10.006421966546354	0.0	846370	12190.535385730582	1.2000000000000002

