8928.233580158116	750	4.0	3.252274383373264	450283	3252.2743833732643	-13.234779848505035
8929.207440077276	300	7.026140080838887	0.0	155580	973.8599191611128	-0.15000000000000002
8930.083989099037	300	10.149591059078627	0.0	139857	876.5490217602593	0.3
8931.64651359234	750	12.587066565775594	0.0	382355	1562.5244933030333	0.3
8934.255125689213	1200	13.978454468902624	0.0	652874	2608.6120968729697	0.75
8935.90186665416	1200	16.331713503955953	0.0	520315	1646.7409649466722	1.2
8939.29217352308	1850	16.94140663503533	0.0	905515	3390.306868920623	1.2000000000000002
8944.23270857693	1850	16.000871581184718	0.0	1060487	4940.535053850614	1.85
8949.563082283128	2850	14.670497874987783	0.0	1348011	5330.373706196935	1.85
8956.227162861716	2850	12.006417296400288	0.0	1429765	6664.0805785874945	2.85
8961.159845071154	1850	11.073735086962591	0.0	939819	4932.682209437697	0.8500000000000001
8964.942875286248	1850	11.290704871868053	0.0	917428	3783.030215094538	1.85
8968.785803382476	1850	11.447776775638776	0.0	946851	3842.9280962292773	1.85
8972.695660242507	1850	11.537919915607636	0.0	1036454	3909.85686003114	1.85
8976.264791156078	1850	11.968789002036829	0.0	821631	3569.130913570806	1.85
8981.469214107654	1850	10.764366050461849	0.0	923170	5204.4229515749785	1.85
8988.132448263268	1850	8.101131894846002	0.0	966699	6663.234155615847	1.85
8992.684110199843	1200	7.549469958271583	0.0	581493	4551.661936574419	0.5499999999999999
8996.904437496265	1200	7.329142661848593	0.0	639204	4220.32729642299	1.2
8999.4055016321	1200	8.828078526014231	0.0	586839	2501.0641358343623	1.2
9002.322128501348	1200	9.911451656765843	0.0	601738	2916.626869248388	1.2
9005.488065748503	1200	10.745514409610449	0.0	616206	3165.9372471553934	1.2
9011.088274252337	1200	9.14530590577674	0.0	656471	5600.208503833711	1.2
9015.291867469781	1200	8.941712688331803	0.0	536667	4203.593217444935	1.2
9018.264560774322	1200	9.969019383793151	0.0	587236	2972.693304538653	1.2
9020.33944888227	1200	11.89413127584397	0.0	590335	2074.888107949182	1.2
9023.822192880565	1200	12.411387277549588	0.0	696376	3482.743998294381	1.2
9025.847078535877	1200	14.386501622237116	0.0	487160	2024.885655312471	1.2
9028.749563531484	1200	15.484016626629858	0.0	622896	2902.484995607257	1.2
9033.105446226007	1850	15.128133932107714	0.0	975811	4355.882694522145	1.2000000000000002
9038.61126611639	1850	13.62231404172475	0.0	873429	5505.819890382966	1.85
9045.79592727432	1850	10.437652883795806	0.0	954453	7184.661157928942	1.85
9049.517503691202	1200	10.71607646691144	0.0	584349	3721.576416884366	0.5499999999999999
9053.167946123212	1200	11.06563403490169	0.0	670129	3650.4424320097505	1.2
9055.45130635145	1200	12.78227380666431	0.0	690253	2283.36022823738	1.2
9057.454905403592	1200	14.778674754521361	0.0	598727	2003.5990521429485	1.2
9060.429796055096	1200	15.803784103017284	0.0	487812	2974.8906515040785	1.2
9062.323880827285	1200	17.909699330827536	0.0	575591	1894.0847721897476	1.2
9064.78175743685	1200	19.45182272126378	0.0	605884	2457.876609563757	1.2
9066.34677701762	1200	21.88680314049346	0.0	587506	1565.0195807703215	1.2
9067.847469733017	1200	24.386110425096703	0.0	566904	1500.692715396754	1.2
9069.700391275162	1200	26.533188882951723	0.0	641452	1852.9215421449815	1.2
9077.516415118418	2850	22.717165039695814	0.0	1343002	7816.023843255907	1.2000000000000002
9091.215027778408	2850	13.018552379706122	0.0	1587250	13698.612659989692	2.85
9096.42538564147	1200	11.808194516642853	0.0	630203	5210.357863063267	-0.44999999999999996
9100.652094472458	1200	11.58148568565465	0.0	638661	4226.708830988203	1.2
9103.284877289596	1200	12.94870286851839	0.0	538612	2632.78281713626	1.2
9107.031765901744	1850	13.201814256369229	0.0	846370	3746.888612149161	1.2000000000000002

