6667.819030115489	750	4.0	1.9680897620528024	450283	1968.0897620528024	-7.71278597682705
6670.037803730756	750	5.781226384733127	0.0	398865	2218.7736152668726	0.75
6672.490060068563	1200	7.328970046925899	0.0	571051	2452.2563378072277	0.75
6674.671567970755	1200	9.147462144735114	0.0	617681	2181.5079021907864	1.2
6676.917284164997	1200	10.90174595049328	0.0	652874	2245.7161942418325	1.2
6679.50427946931	1850	12.314750646179451	0.0	801058	2586.99530431383	1.2000000000000002
6686.2189092036915	1850	9.600120911798404	0.0	905515	6714.629734381047	1.85
6694.94196863405	1200	4.877061481440689	0.0	709534	8723.059430357715	0.5499999999999999
6695.868222242887	300	7.950807872603242	0.0	150710	926.2536088374461	-0.6000000000000001
6696.469243540671	300	11.349786574818518	0.0	139105	601.0212977847253	0.3
6697.072569326137	300	14.746460789352993	0.0	141840	603.3257854655258	0.3
6697.777371237789	300	18.041658877701266	0.0	156148	704.8019116517258	0.3
6699.374788855189	750	20.44424126030168	0.0	386351	1597.4176173995838	0.3
6703.405204184745	1850	20.413825930744757	0.0	1036454	4030.4153295569263	0.75
6706.446266155437	1850	21.372763960052396	0.0	821631	3041.0619706923603	1.85
6709.991001196168	1850	21.82802891932148	0.0	923170	3544.7350407309177	1.85
6714.485275802094	1850	21.33375431339501	0.0	966699	4494.27460592647	1.85
6721.43107375786	1850	18.387956357629598	0.0	885714	6945.797955765413	1.85
6726.902735993116	1850	16.91629412237347	0.0	987708	5471.66223525613	1.85
6732.3598736391805	1850	15.45915647630967	0.0	923755	5457.1376460637985	1.85
6736.110639822954	1850	15.708390292535501	0.0	891604	3750.7661837741675	1.85
6741.367059625544	1850	14.451970489945284	0.0	955231	5256.419802590218	1.85
6746.173082954305	1850	13.645947161184857	0.0	968026	4806.023328760429	1.85
6751.22235447804	1850	12.59667563745028	0.0	874175	5049.271523734576	1.85
6755.72535163349	1850	12.093678482000076	0.0	897976	4502.9971554502035	1.85
6759.364448148715	1850	12.454581966774791	0.0	905935	3639.0965152252847	1.85
6765.470878548689	1850	10.348151566801302	0.0	1076599	6106.430399973489	1.85
6772.041390716446	1850	7.777639399044992	0.0	758197	6570.512167756309	1.85
6775.436311877223	1200	8.38271823826764	0.0	622896	3394.921160777353	0.5499999999999999
6778.708023086909	1200	9.111007028581634	0.0	641447	3271.7112096860055	1.2
6781.136373011743	1200	10.682657103746777	0.0	570392	2428.349924834859	1.2
6786.610234290026	1200	9.208795825463163	0.0	620283	5473.861278283613	1.2
6788.661315593748	750	11.157714521741388	0.0	369834	2051.081303721773	0.3
6791.818842650269	1200	12.000187465220712	0.0	670129	3157.527056520677	0.75
6794.715472751952	1200	13.103557363538094	0.0	690253	2896.6301016826187	1.2
6797.524046843241	1200	14.294983272248873	0.0	598727	2808.5740912892206	1.2
6800.279804606515	1200	15.539225508974475	0.0	487812	2755.757763274396	1.2
6805.427578428959	1850	14.39145168653013	0.0	938587	5147.773822444346	1.2000000000000002
6809.90405117575	1850	13.914978939739768	0.0	908665	4476.472746790361	1.85
6813.295379148179	1850	14.523650967310703	0.0	930577	3391.327972429067	1.85
6817.074408863718	1850	14.744621251770917	0.0	858450	3779.0297155397857	1.85
6822.132265083102	1850	13.686765032387939	0.0	1025005	5057.856219382978	1.85
6826.034698300487	1850	13.78433181500261	0.0	886255	3902.433217385328	1.85
6830.02055910037	1850	13.798471015120263	0.0	973972	3985.860799882347	1.85
6834.235318974926	1850	13.583711140564937	0.0	958994	4214.759874555325	1.85
6838.489611424031	1850	13.329418691459503	0.0	982064	4254.292449105435	1.85
6844.899362073063	4300	10.919668042427638	0.0	1961140	6409.750649031866	1.8499999999999996
6851.872415814758	4300	7.946614300732012	0.0	2155012	6973.053741695626	4.3

