2486.413503449244	750	4.0	1.1482833162359447	450283	1148.2833162359448	-4.187618259814562
2488.9763215858998	1850	5.4371818633447635	0.0	957685	2562.8181366552362	0.75
2493.800921367893	1850	4.6125820813515634	0.0	877771	4824.5997819932	1.85
2495.4974959094375	750	6.916007539806948	0.0	382355	1696.5745415446154	-0.3500000000000001
2497.0011146259044	750	9.41238882334018	0.0	411561	1503.6187164667692	0.75
2498.933544450655	1200	11.47995899858929	0.0	520315	1932.4298247508898	0.75
2502.3928906162796	1200	12.02061283296462	0.0	561791	3459.34616562467	1.2
2505.362558744557	1200	13.050944704687135	0.0	709534	2969.6681282774853	1.2
2507.274739376822	1200	15.138764072422433	0.0	584846	1912.180632264703	1.2
2509.487133655886	1850	16.926369793358784	0.0	913888	2212.3942790636497	1.2000000000000002
2511.9408931110843	1850	18.472610338160486	0.0	939819	2453.759455198299	1.85
2514.5901001179	1850	19.823403331344764	0.0	917428	2649.207006815721	1.85
2519.8566522135206	1850	18.556851235723688	0.0	946851	5266.552095621079	1.85
2529.638464373515	1850	12.775039075729454	0.0	1036454	9781.812159994233	1.85
2535.0528982063515	1200	11.360605242892918	0.0	526950	5414.433832836535	0.5499999999999999
2538.9048122625472	1200	11.508691186696877	0.0	587876	3851.9140561960403	1.2
2541.301606604849	1200	13.111896844394993	0.0	617242	2396.7943423018837	1.2
2543.204522278605	1200	15.208981170639058	0.0	581493	1902.9156737559356	1.2
2545.159025961805	1200	17.254477487438955	0.0	639204	1954.5036832001044	1.2
2547.148770074289	1200	19.264733374954773	0.0	586839	1989.744112484182	1.2
2550.0332541571006	1850	20.38024929214309	0.0	891604	2884.4840828116844	1.2000000000000002
2553.4128937203304	1850	21.000609728913503	0.0	955231	3379.6395632295853	1.85
2557.7711560325156	2850	20.642347416728022	0.0	1505760	4358.26231218548	1.85
2562.388213769132	2850	20.02528968011125	0.0	1323990	4617.057736616773	2.85
2567.524034883582	2850	18.88946856566166	0.0	1383735	5135.82111444959	2.85
2571.9348122959914	2850	18.47869115325238	0.0	1480464	4410.777412409279	2.85
2575.317138936237	2850	19.096364513006943	0.0	1547572	3382.32664024544	2.85
2578.3327186252036	2850	20.080784824040407	0.0	1141971	3015.579688966536	2.85
2582.39853169672	2850	20.01497175252388	0.0	1498470	4065.813071516522	2.85
2587.1795457860444	2850	19.233957663199444	0.0	1561263	4781.01408932444	2.85
2590.5741743231824	2850	19.839329126061347	0.0	1341201	3394.628537138094	2.85
2594.2258108449255	2850	20.187692604318116	0.0	1497683	3651.6365217432344	2.85
2599.3063393163225	4300	19.10716413292127	0.0	2191074	5080.528471396846	2.8499999999999996
2605.5887596835855	4300	16.824743765658127	0.0	2286761	6282.420367263141	4.3
2611.9788074894013	4300	14.43469595984284	0.0	2307787	6390.047805815287	4.3
2618.008752325682	4300	12.404751123561844	0.0	2143948	6029.944836280996	4.3
2626.378555100923	4300	8.034948348320484	0.0	1919781	8369.80277524136	4.3
2630.905063883802	1850	7.508439565442087	0.0	938587	4526.508782878397	-0.6000000000000001
2633.6960985432124	1850	8.717404906031549	0.0	908665	2791.034659410539	1.85
2636.584897449954	1850	9.828605999289863	0.0	930577	2888.7989067416847	1.85
2639.263993206873	1850	11.149510242371367	0.0	858450	2679.095756918495	1.85
2642.2162713123234	1850	12.197232136920563	0.0	1025005	2952.278105450803	1.85
2644.8258087087142	1850	13.587694740529503	0.0	886255	2609.5373963910615	1.85
2648.4219743473873	1850	13.991529101856454	0.0	973972	3596.165638673051	1.85
2651.854163516784	1850	14.559339932459809	0.0	958994	3432.189169396645	1.85
2660.0918512846843	4300	10.32165216455957	0.0	2246506	8237.68776790024	1.8499999999999996
2665.453601513374	4300	8.959901935869404	0.0	1961140	5361.750228690165	4.3
2674.045094433044	4300	4.368409016199619	0.0	2155012	8591.492919669785	4.3

