20478.45428788515	750	4.0	3.995068697861578	450283	3995.068697861578	-16.428795400804784
20479.94655997248	300	6.507727912669612	0.0	155580	1492.2720873303876	-0.15000000000000002
20481.218656026544	300	9.235631858607427	0.0	139857	1272.0960540621852	0.3
20484.598481356035	750	9.855806529111888	0.0	382355	3379.8253294955384	0.3
20487.886442513405	750	10.567845371743221	0.0	411561	3287.9611573686657	0.75
20490.519171829394	750	11.935116055752845	0.0	318564	2632.7293159903766	0.75
20493.98604172186	750	12.468246163289583	0.0	352642	3466.8698924632636	0.75
20500.92267653198	750	9.531611353165655	0.0	437162	6936.634810123927	0.75
20507.409349470032	750	7.0449384151154595	0.0	374758	6486.6729380501965	0.75
20509.026218960258	300	9.428068924887583	0.0	139105	1616.8694902278764	-0.15000000000000002
20511.464341332805	300	10.989946552342545	0.0	141840	2438.1223725450386	0.3
20513.368847360427	300	13.085440524719646	0.0	156148	1904.5060276228978	0.3
20515.505847106902	300	14.94844077824352	0.0	160746	2136.999746476127	0.3
20517.552782464052	300	16.901505421093017	0.0	179801	2046.9353571504992	0.3
20519.25632847548	300	19.197959409668634	0.0	140051	1703.5460114243822	0.3
20523.04775504409	750	19.406532841060745	0.0	366214	3791.4265686078907	0.3
20526.30796499862	750	20.146322886527987	0.0	360831	3260.2099545327583	0.75
20530.472490724373	750	19.981797160775447	0.0	372963	4164.525725752538	0.75
20534.987474473648	750	19.466813411500134	0.0	405596	4514.983749275313	0.75
20540.316557660473	750	18.137730224677078	0.0	350713	5329.083186823056	0.75
20548.27672442417	750	14.17756346098043	0.0	386472	7960.166763696648	0.75
20553.86683486625	750	12.587453018895863	0.0	399894	5590.110442084567	0.75
20562.42935445281	750	8.02493343233846	0.0	401853	8562.519586557404	0.75
20566.81892188948	300	7.635365995665281	0.0	137654	4389.567436673178	-0.15000000000000002
20570.62785066785	300	7.826437217297895	0.0	146754	3808.9287783673867	0.3
20574.693669697608	300	7.760618187539606	0.0	153938	4065.8190297582887	0.3
20579.149203152047	300	7.305084733104165	0.0	181901	4455.533454435441	0.3
20581.45707142613	300	8.99721645902051	0.0	111155	2307.8682740836543	0.3
20584.42563756988	300	10.028650315273099	0.0	153605	2968.5661437474114	0.3
20588.28423577612	300	10.170052109031692	0.0	149029	3858.5982062414064	0.3
20591.669734384916	300	10.784553500232473	0.0	157421	3385.4986087992206	0.3
20595.956117066045	300	10.49817081910319	0.0	157488	4286.382681129282	0.3
20599.600998913807	300	10.853288971340843	0.0	143881	3644.8818477623454	0.3
20602.877674352614	300	11.576613532534042	0.0	163444	3276.6754388068025	0.3
20606.32360898348	300	12.130678901668174	0.0	179328	3445.9346308658673	0.3
20609.047495482766	300	13.40679240238066	0.0	159914	2723.886499287515	0.3
20611.054280250817	300	15.40000763432674	0.0	131610	2006.7847680539194	0.3
20612.822321172604	300	17.631966712541754	0.0	124011	1768.0409217849822	0.3
20615.534323776006	300	18.91996410913793	0.0	144254	2712.0026034038215	0.3
20619.214972983016	300	19.239314902125493	0.0	149991	3680.6492070124377	0.3
20623.418286697066	300	19.03600118807469	0.0	147968	4203.313714050805	0.3
20626.123646700435	300	20.3306411847075	0.0	161857	2705.3600033671905	0.3
20628.240426105935	300	22.21386177920709	0.0	145210	2116.779405500408	0.3
20630.630665046076	300	23.823622839066132	0.0	172312	2390.2389401409587	0.3
20632.479467638575	300	25.97482024656923	0.0	167025	1848.8025924969008	0.3
20636.160983184396	750	26.29330470074598	0.0	393804	3681.5155458232466	0.3
20643.20999835859	1850	23.244289526555185	0.0	830730	7049.015174190798	0.75
20658.732780062663	2850	11.721507822480833	0.0	1364537	15522.781704074352	1.85

