13661.10869676714	750	4.0	6.579692689023528	450283	6579.692689023527	-27.542678562801168
13662.09548468329	300	7.013212083850239	0.0	155580	986.7879161497615	-0.15000000000000002
13664.043670735398	300	9.065026031742615	0.0	139857	1948.1860521076244	0.3
13668.049794501152	300	9.058902265989714	0.0	155432	4006.1237657529027	0.3
13672.143341053817	300	8.965355713323753	0.0	163442	4093.546552665962	0.3
13674.251912242753	300	10.856784524387702	0.0	126289	2108.57118893605	0.3
13676.428192118368	300	12.680504648772505	0.0	153295	2176.2798756151965	0.3
13679.841985058798	300	13.26671170834403	0.0	173849	3413.7929404284755	0.3
13682.69595088428	300	14.412745882862826	0.0	150710	2853.965825481205	0.3
13685.231536906107	300	15.877159861034803	0.0	139105	2535.5860218280227	0.3
13686.734069800817	300	18.374626966323696	0.0	141840	1502.5328947111045	0.3
13687.958785313138	300	21.149911454003995	0.0	156148	1224.7155123197024	0.3
13689.165257892373	300	23.943438874768944	0.0	160746	1206.4725792350514	0.3
13691.680060242192	750	25.428636524952058	0.0	434409	2514.8023498168886	0.3
13694.008629058675	750	27.100067708467382	0.0	337059	2328.568816484677	0.75
13696.547208512222	750	28.561488254921045	0.0	366214	2538.579453546337	0.75
13698.742090152336	750	30.366606614807083	0.0	360831	2194.8816401139643	0.75
13701.98381852313	1200	31.124878244014287	0.0	581493	3241.7283707927963	0.75
13709.082357256082	1850	28.02633951106111	0.0	987708	7098.538732953175	1.2000000000000002
13715.882243053356	1850	25.22645371378708	0.0	923755	6799.885797274028	1.85
13720.028119962688	1850	25.08057680445541	0.0	891604	4145.876909331669	1.85
13724.280285620587	1850	24.82841114655713	0.0	955231	4252.16565789828	1.85
13728.03732620417	1850	25.071370562975396	0.0	968026	3757.040583581731	1.85
13731.789400616806	1850	25.31929615033836	0.0	874175	3752.0744126370364	1.85
13736.589202064992	1850	24.519494702152876	0.0	897976	4799.801448185485	1.85
13742.620152818192	1850	22.488543948952035	0.0	905935	6030.950753200839	1.85
13749.16826829648	1850	19.940428470663676	0.0	1076599	6548.115478288359	1.85
13758.422815251528	1850	14.68588151561643	0.0	758197	9254.546955047246	1.85
13775.013193564242	1200	4.0	1.9044967970984634	622896	16590.378312714893	-7.639336227523393
13777.664970337299	300	5.348223226943299	0.0	149029	2651.7767730567016	-0.6000000000000001
13782.52282181177	300	4.4903717524720985	0.0	157421	4857.8514744712	0.3
13785.54961674927	300	5.463576814971276	0.0	157488	3026.794937500823	0.3
13789.46413981078	300	5.54905375346152	0.0	143881	3914.5230615097557	0.3
13792.59444350648	300	6.418750057762567	0.0	163444	3130.303695698953	0.3
13794.3101791574	300	8.703014406841012	0.0	179328	1715.735650921556	0.3
13795.247625548101	300	11.765568016140069	0.0	159914	937.4463907009435	0.3
13795.97532293929	300	15.037870624951605	0.0	131610	727.6973911884627	0.3
13796.648835347627	300	18.36435821661445	0.0	124011	673.5124083371588	0.3
13798.683734799726	750	20.329458764515227	0.0	378327	2034.8994520992226	0.3
13801.736465067492	1200	21.276728496750753	0.0	587506	3052.730267764477	0.75
13810.984739072293	1200	16.02845449194863	0.0	566904	9248.27400480212	1.2
13816.263772725944	1200	14.749420838297711	0.0	641452	5279.03365365092	1.2
13818.889386664507	750	16.123806899735538	0.0	372093	2625.6139385621714	0.3
13822.56277254633	750	16.450421017912205	0.0	438281	3673.385881823333	0.75
13825.37835392294	750	17.63483964129922	0.0	398987	2815.581376612986	0.75
13827.440299613461	750	19.572893950778184	0.0	393804	2061.9456905210345	0.75
13833.350607604025	2850	17.662585960214805	0.0	1231456	5910.307990563379	0.75
13839.767040868368	2850	15.246152695871654	0.0	1364537	6416.433264343153	2.85

