19131.946209115362	750	4.0	4.751626329382562	450283	4751.626329382562	-19.681993216345017
19133.590664032065	300	6.35554508329921	0.0	155580	1644.4549167007901	-0.15000000000000002
19135.025524064637	300	8.920685050724277	0.0	139857	1434.860032574934	0.3
19136.47247881663	300	11.473730298731356	0.0	155432	1446.95475199292	0.3
19139.553319488678	750	12.392889626685394	0.0	411561	3080.8406720459625	0.3
19141.843762164608	750	14.102446950756555	0.0	318564	2290.4426759288385	0.75
19145.280909891993	750	14.66529922337288	0.0	352642	3437.147727383676	0.75
19150.653839796363	750	13.292369319001358	0.0	437162	5372.929904371523	0.75
19155.963937941913	750	11.982271173452425	0.0	374758	5310.098145548933	0.75
19159.42009616138	750	12.526112953985157	0.0	362795	3456.1582194672683	0.75
19161.700691712616	750	14.245517402747526	0.0	353220	2280.5955512376304	0.75
19165.31377955909	750	14.632429556276612	0.0	405134	3613.087846470913	0.75
19169.521113698815	750	14.42509541654808	0.0	386351	4207.334139728534	0.75
19173.76876446846	750	14.177444646905984	0.0	434409	4247.650769642096	0.75
19176.742445891436	750	15.203763223926293	0.0	337059	2973.681422979692	0.75
19180.349085532627	750	15.597123582733158	0.0	366214	3606.6396411931355	0.75
19183.985766175534	750	15.960442939827441	0.0	360831	3636.6806429057183	0.75
19187.802765481676	750	16.14344363368548	0.0	372963	3816.9993061419627	0.75
19193.645272100664	1200	14.300937014697682	0.0	639204	5842.506618987796	0.75
19198.244526883165	1200	13.701682232195301	0.0	586839	4599.25478250238	1.2
19203.584959839707	1200	12.361249275655704	0.0	601738	5340.432956539597	1.2
19209.20521748785	1200	10.740991627507373	0.0	616206	5620.257648148331	1.2
19219.94083358835	1200	4.005375527011188	0.0	656471	10735.616100496185	1.2
19224.59059416844	300	4.0	0.6443850530777763	137654	4649.760580088965	-3.370855728234438
19228.818169680213	300	4.0	0.22757551177369897	146754	4227.575511773699	-0.6785747006269056
19232.20417212591	300	4.613997554303138	0.0	153938	3386.002445696862	0.3
19235.006330235698	300	5.811839444516641	0.0	181901	2802.158109786497	0.3
19236.28782512563	300	8.530344554584863	0.0	111155	1281.4948899317797	0.3
19238.26343866742	300	10.554731012796648	0.0	153605	1975.6135417882151	0.3
19240.768050426665	300	12.050119253551483	0.0	149029	2504.611759245166	0.3
19243.75571080384	300	13.062458876375244	0.0	157421	2987.6603771762384	0.3
19247.091527432767	300	13.726642247451556	0.0	157488	3335.816628923686	0.3
19249.704600615612	300	15.113569064605661	0.0	143881	2613.073182845895	0.3
19251.96933486908	300	16.848834811135756	0.0	163444	2264.7342534699055	0.3
19254.162054186465	300	18.656115493757106	0.0	179328	2192.719317378652	0.3
19256.069252318044	300	20.7489173621759	0.0	159914	1907.1981315812043	0.3
19258.215484848497	300	22.60268483172249	0.0	131610	2146.232530453411	0.3
19265.425704003137	750	19.392465677081407	0.0	361565	7210.219154641084	0.3
19269.83622493461	750	18.981944745605258	0.0	378327	4410.5209314761505	0.75
19273.162100069443	750	19.656069610773752	0.0	390680	3325.875134831503	0.75
19276.379860205932	750	20.438309474284775	0.0	345516	3217.7601364889797	0.75
19279.52292145733	750	21.295248222888073	0.0	384505	3143.0612513967017	0.75
19283.32856517373	750	21.489604506488412	0.0	372093	3805.643716399661	0.75
19289.0303967941	1200	19.787772886119715	0.0	634861	5701.8316203687	0.75
19294.952713378414	1200	17.8654563018035	0.0	630203	5922.316584316212	1.2
19301.752337853588	1200	15.065831826629783	0.0	638661	6799.624475173719	1.2
19309.78186380467	1850	11.036305875544633	0.0	830730	8029.52595108515	1.2000000000000002
19323.91049960311	2850	4.0	3.092329922890125	1364537	14128.635798434758	-11.447018668427537

