9111.409763111611	750	4.0	4.3779972098671385	450283	4377.997209867139	-18.075388002428696
9112.668040875524	300	6.741722236087304	0.0	155580	1258.2777639126964	-0.15000000000000002
9113.71301670886	300	9.696746402752327	0.0	139857	1044.975833334976	0.3
9116.573500585197	750	10.836262526416789	0.0	382355	2860.4838763355383	0.3
9119.803479766753	750	11.606283344859992	0.0	411561	3229.9791815567964	0.75
9122.386807365121	750	13.022955746491968	0.0	318564	2583.327598368023	0.75
9126.574252380507	1200	12.835510731107139	0.0	561791	4187.44501538483	0.75
9131.096522179134	1200	12.313240932479152	0.0	709534	4522.269798627988	1.2
9135.395910436408	1200	12.013852675207158	0.0	584846	4299.388257271994	1.2
9139.760912926675	1200	11.6488501849391	0.0	560821	4365.002490268058	1.2
9145.689637102832	1200	9.720126008780719	0.0	607410	5928.724176158381	1.2
9151.0168077909	1200	8.392955320713176	0.0	594078	5327.170688067544	1.2
9158.871246278377	1200	4.538516833235055	0.0	624282	7854.438487478121	1.2
9160.890378708065	300	6.51938440354863	0.0	179801	2019.132429686425	-0.6000000000000001
9162.475953683099	300	8.933809428513891	0.0	140051	1585.5749750347395	0.3
9163.69499968525	300	11.714763426363003	0.0	138313	1219.0460021508882	0.3
9164.99976401666	300	14.409999094952532	0.0	143509	1304.76433141047	0.3
9166.341547402075	300	17.06821570953876	0.0	150616	1341.783385413771	0.3
9169.77170200767	750	17.63806110394417	0.0	405596	3430.154605594586	0.3
9174.831225804899	1200	16.578537306715152	0.0	586839	5059.523797229019	0.75
9179.878417568189	1200	15.531345543426424	0.0	601738	5047.191763288729	1.2
9185.042279882333	1200	14.367483229282803	0.0	616206	5163.862314143619	1.2
9189.862814241738	1200	13.546948869876699	0.0	656471	4820.534359406103	1.2
9194.248192338368	1200	13.161570773248613	0.0	536667	4385.3780966280865	1.2
9200.114818985534	1200	11.294944126082367	0.0	587236	5866.626647166247	1.2
9204.376487167216	1200	11.03327594440262	0.0	590335	4261.668181679746	1.2
9209.593610805665	1200	9.816152305953231	0.0	696376	5217.123638449388	1.2
9214.053862995213	1200	9.355900116404413	0.0	487160	4460.252189548818	1.2
9219.984526577291	1200	7.425236534327958	0.0	622896	5930.663582076455	1.2
9226.6980272403	1200	4.711735871317282	0.0	641447	6713.500663010675	1.2
9230.269714479951	750	5.140048631666177	0.0	358218	3571.6872396511053	0.3
9234.348709851212	750	5.0610532604052105	0.0	400322	4078.9953712609667	0.75
9238.177346487524	750	5.232416624093437	0.0	369834	3828.6366363117736	0.75
9241.89696374886	750	5.512799362756448	0.0	412837	3719.617261336989	0.75
9245.560415653195	750	5.849347458422702	0.0	401088	3663.451904333746	0.75
9248.727776981475	750	6.681986130143583	0.0	365161	3167.36132827912	0.75
9251.41318119969	750	7.996581911927323	0.0	321064	2685.4042182162602	0.75
9254.839786396351	750	8.569976715266586	0.0	361565	3426.6051966607365	0.75
9258.552631066903	750	8.85713204471297	0.0	378327	3712.8446705536167	0.75
9261.895868651547	750	9.513894460070624	0.0	390680	3343.237584642345	0.75
9265.78600331825	750	9.623759793366231	0.0	345516	3890.1346667043927	0.75
9271.853104107764	750	7.556659003853343	0.0	384505	6067.100789512888	0.75
9274.734150055168	300	8.675613056448482	0.0	145210	2881.0459474048625	-0.15000000000000002
9276.795901625494	300	10.613861486122868	0.0	172312	2061.751570325612	0.3
9278.500083600435	300	12.90967951118041	0.0	167025	1704.1819749424576	0.3
9279.998044116432	300	15.411718995183877	0.0	160064	1497.960515996534	0.3
9282.733051939962	750	16.676711171653036	0.0	331053	2735.007823530844	0.3
9289.636862282861	1850	13.77290082875369	0.0	846370	6903.810342899345	0.75

