1739.402604273512	750	4.0	3.5388403668140223	450283	3538.840366814022	-14.467013577300294
1740.8550033436622	300	6.5476009298498035	0.0	155580	1452.399070150196	-0.15000000000000002
1742.1935074255543	300	9.209096847957815	0.0	139857	1338.5040818919888	0.3
1743.5633419732833	300	11.83926230022871	0.0	155432	1369.8345477291064	0.3
1747.9083657324566	750	11.494238541055406	0.0	411561	4345.023759173304	0.3
1751.2481059229851	750	12.154498350526824	0.0	318564	3339.7401905285806	0.75
1754.7711296903558	750	12.631474583156047	0.0	352642	3523.023767370778	0.75
1759.1689954964315	750	12.233608777080219	0.0	437162	4397.865806075829	0.75
1763.2424217126566	750	12.160182560855244	0.0	374758	4073.4262162249747	0.75
1765.9358956905598	750	13.466708582951812	0.0	362795	2693.4739779034344	0.75
1768.5215327247552	750	14.881071548756664	0.0	353220	2585.6370341951474	0.75
1772.0642869337223	750	15.33831733978947	0.0	405134	3542.754208967194	0.75
1775.769122484278	750	15.633481789233667	0.0	386351	3704.8355505558025	0.75
1780.0965055541487	750	15.306098719362911	0.0	434409	4327.383069870756	0.75
1783.361603829028	750	16.041000444483846	0.0	337059	3265.0982748790652	0.75
1786.0002959916121	750	17.40230828189952	0.0	366214	2638.69216258433	0.75
1789.8285187618383	1200	17.57408551167328	0.0	617242	3828.2227702262358	0.75
1793.2967539021406	1200	18.105850371371105	0.0	581493	3468.235140302177	1.2
1796.9858953597115	1200	18.416708913800125	0.0	639204	3689.1414575709778	1.2
1801.5465680101106	1200	17.856036263401066	0.0	586839	4560.672650399057	1.2
1804.7886670877276	1200	18.613937185783993	0.0	601738	3242.0990776170706	1.2
1808.2901129319087	1200	19.112491341603207	0.0	616206	3501.445844180785	1.2
1814.9015883675738	1200	16.501015905937802	0.0	656471	6611.475435665404	1.2
1820.0651885626612	1200	15.337415710850571	0.0	536667	5163.6001950872305	1.2
1828.6822813867086	1200	10.72032288680321	0.0	587236	8617.092824047362	1.2
1833.7294483791243	750	9.673155894387437	0.0	379700	5047.166992415771	0.3
1839.5911828612743	750	7.8114214122373316	0.0	425781	5861.734482150106	0.75
1841.1805707775115	300	10.222033496000124	0.0	111155	1589.3879162372086	-0.15000000000000002
1843.3463926557322	300	12.056211617779473	0.0	153605	2165.821878220651	0.3
1845.4193843866353	300	13.983219886876116	0.0	149029	2072.991730903357	0.3
1847.4831264008783	300	15.919477872633264	0.0	157421	2063.742014242851	0.3
1849.491340438161	300	17.91126383535048	0.0	157488	2008.2140372827864	0.3
1853.3630064879799	750	18.039597785531836	0.0	369834	3871.666049818643	0.3
1859.8439070854254	750	15.55869718808615	0.0	412837	6480.900597445684	0.75
1865.931714411776	750	13.47088986173564	0.0	401088	6087.807326350508	0.75
1868.8600097677017	750	14.54259450580988	0.0	365161	2928.295355925761	0.75
1871.2951790170878	750	16.10742525642399	0.0	321064	2435.1692493858877	0.75
1873.789583160187	750	17.61302111332456	0.0	361565	2494.40414309943	0.75
1876.2589627688465	750	19.143641504665247	0.0	378327	2469.3796086593134	0.75
1879.0322522489607	750	20.370352024550883	0.0	390680	2773.2894801143652	0.75
1881.3609541065737	750	22.041650166938012	0.0	345516	2328.7018576128708	0.75
1883.8741149574664	750	23.528489316045263	0.0	384505	2513.1608508927484	0.75
1886.6282509879854	750	24.7743532855263	0.0	372093	2754.1360305189623	0.75
1894.9254438958824	1850	20.47716037762935	0.0	973972	8297.192907896953	0.75
1901.9923663923669	1850	17.41023788114507	0.0	958994	7066.92249648428	1.85
1907.3887354583987	1850	16.013868815113252	0.0	982064	5396.369066031815	1.85
1914.7445150375327	2850	12.658089235979276	0.0	1231456	7355.779579133978	1.85
1924.5709955056884	2850	6.831608767823436	0.0	1364537	9826.48046815584	2.85

