2675.7733250389247	750	4.0	1.7282306058808998	450283	1728.2306058809	-6.681391605287869
2678.5547259084287	1200	5.218599130495685	0.0	611087	2781.400869504315	0.75
2681.102303911593	1200	6.671021127331826	0.0	571051	2547.57800316386	1.2
2683.6133203624704	1200	8.160004676454038	0.0	617681	2511.016450877787	1.2
2685.640792576319	1850	10.132532462605672	0.0	996749	2027.4722138483664	1.2000000000000002
2687.157174605932	1850	12.616150432992535	0.0	801058	1516.3820296131355	1.85
2689.2330149565755	1850	14.54031008234944	0.0	905515	2075.840350643097	1.85
2691.5962330430307	1850	16.177091995893726	0.0	1060487	2363.2180864557145	1.85
2693.4028275214177	1850	18.37049751750666	0.0	852833	1806.5944783870632	1.85
2697.582989814478	4300	18.19033522444648	0.0	2169201	4180.162293060183	1.8499999999999996
2701.682643375248	4300	18.090681663676428	0.0	2173522	4099.65356077005	4.3
2706.0319101578425	4300	17.74141488108228	0.0	2102452	4349.266782594146	4.3
2711.2330963999643	4300	16.540228638960397	0.0	2209463	5201.186242121883	4.3
2717.3464145939183	4300	14.426910445006492	0.0	2275376	6113.318193953905	4.3
2722.271692320492	4300	13.501632718432687	0.0	2005399	4925.277726573803	4.3
2728.444433276946	4300	11.32889176197925	0.0	2152483	6172.740956453437	4.3
2733.679532282904	4300	10.09379275602139	0.0	2289689	5235.099005957861	4.3
2741.312461260276	4300	6.460863778649306	0.0	2059512	7632.928977372085	4.3
2745.9293707212787	2850	5.843954317646559	0.0	1537156	4616.909461002747	1.4000000000000001
2748.827871919604	2850	6.945453119321119	0.0	1336050	2898.5011983254394	2.85
2752.1865925080906	2850	7.586732530834261	0.0	1415116	3358.720588486858	2.85
2755.1860504505407	2850	8.587274588384373	0.0	1468126	2999.4579424498884	2.85
2758.278537295016	2850	9.49478774390891	0.0	1505760	3092.486844475462	2.85
2761.0938817604574	2850	10.679443278467195	0.0	1323990	2815.344465441715	2.85
2764.213733245324	2850	11.559591793600811	0.0	1383735	3119.8514848663835	2.85
2768.8350789811598	2850	10.938246057765108	0.0	1480464	4621.345735835704	2.85
2773.4283389179277	2850	10.344986120996847	0.0	1547572	4593.25993676826	2.85
2775.7156127333797	2850	12.057712305545277	0.0	1141971	2287.273815451571	2.85
2779.733296477776	2850	12.040028561148759	0.0	1498470	4017.683744396517	2.85
2783.717429329203	2850	12.05589570972159	0.0	1561263	3984.1328514271695	2.85
2787.468597629196	2850	12.304727409728772	0.0	1341201	3751.1682999928184	2.85
2794.570807722862	2850	9.20251731606305	0.0	1497683	7102.2100936657225	2.85
2798.0490737460254	1850	9.724251292899233	0.0	885062	3478.266023163817	0.8500000000000001
2803.341106441652	1850	8.432218597273046	0.0	1035329	5292.032695626187	1.85
2806.450351183423	1850	9.322973855501454	0.0	1026056	3109.2447417715916	1.85
2808.6325794655463	1850	11.14074557337843	0.0	943942	2182.2282821230237	1.85
2810.625885131776	1850	13.14743990714813	0.0	728962	1993.3056662303006	1.85
2813.6118295764504	1850	14.16149546247402	0.0	938587	2985.944444674108	1.85
2818.9692044060466	1850	12.804120632877876	0.0	908665	5357.374829596146	1.85
2828.1795528610733	1850	7.593772177851505	0.0	930577	9210.348455026371	1.85
2829.5898729650053	750	10.18345207391938	0.0	345516	1410.3201039321239	-0.3500000000000001
2831.1937972025735	750	12.579527836350751	0.0	384505	1603.9242375686279	0.75
2833.0149362472494	750	14.758388791675122	0.0	372093	1821.1390446756284	0.75
2834.9885634823686	750	16.784761556555885	0.0	438281	1973.6272351192374	0.75
2836.7199969776725	750	19.053328061251616	0.0	398987	1731.4334953042692	0.75
2840.228855231052	2850	19.54446980787207	0.0	1483527	3508.858253379551	0.75
2844.3872737895244	4300	19.38605124939912	0.0	1961140	4158.418558472949	2.8499999999999996
2848.995861141338	4300	18.777463897585683	0.0	2155012	4608.587351813435	4.3

