19526.341718627653	750	4.0	6.08032816050688	450283	6080.3281605068805	-25.395411090179586
19528.69667012805	300	5.645048499601703	0.0	155580	2354.951500398297	-0.15000000000000002
19530.969748941698	300	7.371969685954002	0.0	139857	2273.078813647701	0.3
19533.52918773654	300	8.81253089110955	0.0	155432	2559.4387948444523	0.3
19536.49089050991	300	9.85082811774056	0.0	163442	2961.702773368989	0.3
19538.526841479557	300	11.814877148093101	0.0	126289	2035.95096964746	0.3
19541.664087922494	300	12.677630705156039	0.0	153295	3137.2464429370616	0.3
19544.34755576099	300	13.994162866660107	0.0	173849	2683.4678384959343	0.3
19546.153427783913	300	16.188290843738397	0.0	150710	1805.8720229217085	0.3
19547.695322336596	300	18.646396291056924	0.0	139105	1541.894552681473	0.3
19549.151674390345	300	21.190044237308346	0.0	141840	1456.3520537485779	0.3
19552.889656245152	750	21.452062382501783	0.0	405134	3737.9818548065628	0.3
19556.135857130685	750	22.20586149697075	0.0	386351	3246.20088553103	0.75
19559.836065014737	750	22.505653612915225	0.0	434409	3700.2078840555273	0.75
19565.141182956282	1200	21.200535671370293	0.0	526950	5305.117941544935	0.75
19571.494726089517	1200	18.846992538133435	0.0	587876	6353.543133236857	1.2
19581.591413115333	1200	12.750305512317565	0.0	617242	10096.68702581587	1.2
19590.98550334454	1200	7.356215283111402	0.0	581493	9394.090229206164	1.2
19593.374170653075	300	8.967547974577734	0.0	165384	2388.667308533668	-0.6000000000000001
19595.001825248684	300	11.339893378967693	0.0	140881	1627.6545956100413	0.3
19597.404341800186	300	12.93737682746525	0.0	157671	2402.516551502441	0.3
19600.479894441654	300	13.861824185998957	0.0	157812	3075.552641466293	0.3
19603.19557462082	300	15.146144006833843	0.0	163927	2715.680179165114	0.3
19605.137268650386	300	17.204449977266055	0.0	137654	1941.6940295677864	0.3
19607.51725455952	300	18.82446406813082	0.0	146754	2379.985909135237	0.3
19609.946969156666	300	20.394749470983427	0.0	153938	2429.7145971473924	0.3
19612.436502949447	300	21.9052156782053	0.0	181901	2489.5337927781284	0.3
19613.819436978414	300	24.522281649236888	0.0	111155	1382.9340289684117	0.3
19617.753563815848	750	24.588154811804657	0.0	400396	3934.1268374322326	0.3
19621.761195851894	750	24.580522775759064	0.0	400508	4007.6320360455907	0.75
19627.492113051067	750	22.849605576582192	0.0	358218	5730.917199176875	0.75
19636.49178067009	750	17.84993795755716	0.0	400322	8999.667619025035	0.75
19643.634563644107	750	14.70715498354223	0.0	369834	7142.782974014927	0.75
19653.326779119543	750	9.014939508106158	0.0	412837	9692.215475436073	0.75
19656.413682152535	300	9.928036475115535	0.0	179328	3086.9030329906227	-0.15000000000000002
19659.282153744156	300	11.059564883493207	0.0	159914	2868.4715916223286	0.3
19661.530631915484	300	12.811086712168672	0.0	131610	2248.4781713245357	0.3
19664.23439158961	300	14.10732703804545	0.0	124011	2703.7596741232232	0.3
19667.19755658649	300	15.144162041162966	0.0	144254	2963.1649968824822	0.3
19670.121263894027	300	16.2204547336259	0.0	149991	2923.707307537068	0.3
19672.13074847273	300	18.210970154924798	0.0	147968	2009.4845787011025	0.3
19674.41807482352	300	19.92364380413129	0.0	161857	2287.326350793507	0.3
19676.44343522222	300	21.898283405434114	0.0	145210	2025.360398697174	0.3
19683.464297511804	750	18.877421115847312	0.0	438281	7020.862289586805	0.3
19690.623193737472	750	15.718524890176967	0.0	398987	7158.896225670345	0.75
19695.873052553256	750	14.468666074396243	0.0	393804	5249.8588157807235	0.75
19701.069065070784	1200	13.272653556864025	0.0	538612	5196.012517532218	0.75
19708.140137474107	1850	10.201581153541778	0.0	846370	7071.072403322247	1.2000000000000002

