26101.33378223498	750	4.0	3.445995646227827	450283	3445.9956462278274	-14.067781278779655
26102.40367007741	300	6.930112157568032	0.0	155580	1069.8878424319682	-0.15000000000000002
26104.756669413626	750	8.57711282135118	0.0	350812	2352.999336216852	0.3
26109.477210881345	750	7.8565713536332185	0.0	382355	4720.5414677179615	0.75
26119.990997715326	750	4.0	2.6572154803441883	411561	10513.786833977407	-10.67602656548001
26123.309597093026	300	4.681400622296262	0.0	126289	3318.599377703739	-0.15000000000000002
26126.071430303622	300	5.919567411700483	0.0	153295	2761.8332105957784	0.3
26129.36524453828	300	6.625753177040855	0.0	173849	3293.8142346596283	0.3
26132.46884930271	300	7.522148412614516	0.0	150710	3103.604764426339	0.3
26134.994314738342	300	8.996682976982845	0.0	139105	2525.4654356316705	0.3
26137.280023940006	300	10.71097377532089	0.0	141840	2285.7092016619563	0.3
26140.58019901385	300	11.410798701472414	0.0	156148	3300.1750738484757	0.3
26143.083439932983	300	12.907557782339179	0.0	160746	2503.2409191332354	0.3
26146.65433861914	300	13.33665909618228	0.0	179801	3570.8986861568983	0.3
26150.330300293306	300	13.660697422014083	0.0	140051	3675.9616741681966	0.3
26152.438138993908	300	15.552858721414884	0.0	138313	2107.838700599199	0.3
26153.999081951133	300	17.99191576418848	0.0	143509	1560.9429572264028	0.3
26155.67004249257	300	20.320955222754016	0.0	150616	1670.960541434465	0.3
26158.512638599117	300	21.478359116206356	0.0	165384	2842.5961065476595	0.3
26160.33023415838	300	23.660763556941625	0.0	140881	1817.5955592647329	0.3
26162.83918434852	300	25.15181336680376	0.0	157671	2508.95019013786	0.3
26168.261323460585	750	23.72967425473604	0.0	399894	5422.13911206772	0.3
26172.383939727773	750	23.607057987549894	0.0	401853	4122.616267186145	0.75
26175.52120032727	750	24.469797388047592	0.0	343800	3137.260599502304	0.75
26179.36051150964	750	24.630486205684115	0.0	359903	3839.3111823634763	0.75
26183.851849489856	750	24.139148225465	0.0	379700	4491.337980219115	0.75
26189.074144902756	750	22.916852812568443	0.0	425781	5222.295412896558	0.75
26191.676823482765	750	24.31417423255676	0.0	277716	2602.6785800116845	0.75
26195.471360873795	750	24.519636841525607	0.0	400396	3794.537391031152	0.75
26201.636927826556	1200	22.35406988876343	0.0	641447	6165.566952762175	0.75
26207.23521577427	1200	20.755781941049673	0.0	570392	5598.287947713759	1.2
26213.660908364505	1200	18.330089350816902	0.0	620283	6425.692590232773	1.2
26219.84111634275	1200	16.14988137256733	0.0	584349	6180.207978249573	1.2
26231.422363460653	1200	8.56863425466628	0.0	670129	11581.24711790105	1.2
26238.311285070187	750	5.679712645130657	0.0	401088	6888.921609535623	0.3
26240.27825083873	300	7.712746876587448	0.0	159914	1966.9657685432087	-0.15000000000000002
26241.95825660913	300	10.032741106185432	0.0	131610	1680.0057704020176	0.3
26242.985210625942	300	13.005787089372767	0.0	124011	1026.9540168126643	0.3
26244.166741173565	300	15.82425654174962	0.0	144254	1181.530547623147	0.3
26245.393754195295	300	18.59724352001992	0.0	149991	1227.013021729702	0.3
26248.43767379863	750	19.553323916685056	0.0	345516	3043.919603334863	0.3
26251.760187853146	750	20.230809862170283	0.0	384505	3322.514054514774	0.75
26257.670531846616	1200	18.320465868699475	0.0	599477	5910.343993470803	0.75
26263.92591145267	1200	16.065086262645966	0.0	634861	6255.379606053511	1.2
26269.897491822478	1200	14.093505892837685	0.0	630203	5971.580369808281	1.2
26276.498465255536	1200	11.492532459780406	0.0	638661	6600.973433057278	1.2
26281.091832083854	1200	10.89916563146156	0.0	538612	4593.3668283188445	1.2
26293.92365054709	2850	4.0	1.9326528317743359	1364537	12831.818463235897	-7.110407176629645

