18741.861609234023	750	4.0	8.793419615156727	450283	8793.419615156727	-37.06170434517393
18744.86197054128	300	4.999638692742964	0.0	155580	3000.361307257036	-0.15000000000000002
18747.490707172332	300	6.370902061693952	0.0	139857	2628.7366310490115	0.3
18749.969968136782	300	7.89164109724028	0.0	155432	2479.2609644536724	0.3
18752.37995485216	300	9.481654381865631	0.0	163442	2409.9867153746472	0.3
18754.375440318745	300	11.486168915281535	0.0	126289	1995.4854665840983	0.3
18756.651765907933	300	13.209843326092562	0.0	153295	2276.3255891889726	0.3
18759.194421147786	300	14.667188086239829	0.0	173849	2542.655239852732	0.3
18761.417548542377	300	16.44406069165086	0.0	150710	2223.1273945889648	0.3
18763.42581323114	300	18.435796002888004	0.0	139105	2008.2646887628573	0.3
18768.208912030226	750	17.652697203799764	0.0	353220	4783.098799088238	0.3
18774.217969822734	750	15.643639411293755	0.0	405134	6009.0577925060115	0.75
18780.360990674446	750	13.500618559579793	0.0	386351	6143.02085171396	0.75
18786.38007375496	750	11.481535479062902	0.0	434409	6019.083080516892	0.75
18792.791508271264	750	9.070100962758575	0.0	337059	6411.434516304327	0.75
18798.157148087503	750	7.704461146521438	0.0	366214	5365.639816237138	0.75
18803.314340152952	750	6.547269081071417	0.0	360831	5157.19206545002	0.75
18805.625018982453	300	8.236590251574151	0.0	150616	2310.6788294972666	-0.15000000000000002
18808.310494916946	300	9.55111431708127	0.0	165384	2685.475934492881	0.3
18810.508917051753	300	11.352692182271698	0.0	140881	2198.422134809572	0.3
18813.08150547516	300	12.780103758867671	0.0	157671	2572.588423404026	0.3
18815.673638721473	300	14.187970512552688	0.0	157812	2592.133246314984	0.3
18818.39061627785	300	15.470992956174726	0.0	163927	2716.977556377962	0.3
18820.638464803404	300	17.223144430619897	0.0	137654	2247.8485255548294	0.3
18826.488031837103	750	15.373577396922858	0.0	359903	5849.567033697039	0.3
18832.3763580973	750	13.485251136724711	0.0	379700	5888.326260198146	0.75
18838.093479558207	750	11.768129675816523	0.0	425781	5717.121460908189	0.75
18841.08916824994	750	12.772440984085565	0.0	277716	2995.688691730959	0.75
18844.88355169197	750	12.978057542052825	0.0	400396	3794.383442032738	0.75
18849.168506039143	750	12.69310319488323	0.0	400508	4284.954347169596	0.75
18853.296238267212	750	12.565370966814497	0.0	358218	4127.732228068733	0.75
18858.089109983164	750	11.772499250862861	0.0	400322	4792.871715951637	0.75
18862.801067211716	750	11.060542022310836	0.0	369834	4711.957228552024	0.75
18870.246663438447	750	7.614945795581784	0.0	412837	7445.5962267290515	0.75
18875.433093590615	750	6.428515643414569	0.0	401088	5186.430152167216	0.75
18877.309352888366	300	8.552256345662682	0.0	159914	1876.259297751885	-0.15000000000000002
18878.96289473798	300	10.898714496048356	0.0	131610	1653.5418496143263	0.3
18880.678603369935	300	13.183005864089221	0.0	124011	1715.7086319591363	0.3
18882.558641581025	300	15.302967653000387	0.0	144254	1880.0382110888336	0.3
18887.35828338109	750	14.503325852936493	0.0	390680	4799.641800063892	0.3
18891.137061183326	750	14.724548050700829	0.0	345516	3778.7778022356642	0.75
18895.55742720699	750	14.30418202703741	0.0	384505	4420.366023663419	0.75
18900.218530100727	750	13.64307913330305	0.0	372093	4661.10289373436	0.75
18905.734254430303	750	12.127354803727124	0.0	438281	5515.7243295759245	0.75
18910.707497498224	750	11.154111735803356	0.0	398987	4973.243067923768	0.75
18915.325444900707	750	10.536164333324031	0.0	393804	4617.947402479326	0.75
18922.026765518814	1200	7.834843715217882	0.0	538612	6701.3206181061505	0.75
18931.53482536998	1850	4.0	1.6732161359495112	846370	9508.059851167392	-5.994829384582898

