7414.282867915099	750	4.0	4.549356298858494	450283	4549.356298858494	-18.812232085091523
7415.769676991089	300	6.513190924009408	0.0	155580	1486.8090759905917	-0.15000000000000002
7416.69061995458	300	9.59224796051802	0.0	139857	920.942963491389	0.3
7419.5707486686415	750	10.712119246456957	0.0	382355	2880.1287140610625	0.3
7422.803022807284	750	11.479845107814851	0.0	411561	3232.274138642106	0.75
7425.7777920579565	750	12.505075857142193	0.0	318564	2974.7692506726585	0.75
7428.97270830705	750	13.310159608049007	0.0	352642	3194.916249093187	0.75
7432.6471686957675	750	13.635699219331872	0.0	437162	3674.4603887171347	0.75
7437.783839173693	1200	12.499028741405965	0.0	584846	5136.670477925907	0.75
7442.833716099966	1200	11.449151815132783	0.0	560821	5049.876926273181	1.2
7449.249629713519	1200	9.03323820157973	0.0	607410	6415.913613553053	1.2
7455.627929715642	1200	6.654938199457407	0.0	594078	6378.300002122323	1.2
7458.924275831192	750	7.358592083907455	0.0	386351	3296.346115549952	0.3
7463.261739098081	750	7.021128817018276	0.0	434409	4337.463266889179	0.75
7467.155088172726	750	7.127779742373273	0.0	337059	3893.349074645003	0.75
7471.468140361249	750	6.814727553849834	0.0	366214	4313.052188523439	0.75
7474.764845031494	750	7.518022883606014	0.0	360831	3296.70467024382	0.75
7477.615878203015	750	8.666989712084211	0.0	372963	2851.033171521803	0.75
7480.405147329608	750	9.877720585491417	0.0	405596	2789.269126592794	0.75
7483.039248298547	750	11.243619616552628	0.0	350713	2634.100968938788	0.75
7486.146600857665	750	12.136267057433836	0.0	386472	3107.352559118794	0.75
7489.149729663629	750	13.133138251470887	0.0	399894	3003.1288059629483	0.75
7494.036981526155	1200	12.245886388945303	0.0	656471	4887.251862525586	0.75
7497.878212572191	1200	12.40465534290938	0.0	536667	3841.2310460359226	1.2
7502.715258285459	1200	11.567609629641305	0.0	587236	4837.045713268074	1.2
7508.081326993408	1200	10.201540921693038	0.0	590335	5366.068707948268	1.2
7513.911352519636	1200	8.371515395464808	0.0	696376	5830.02552622823	1.2
7521.707136107006	1200	4.575731808094344	0.0	487160	7795.783587370465	1.2
7523.873070334382	300	6.409797580718772	0.0	153605	2165.9342273755706	-0.6000000000000001
7525.736180840271	300	8.546687074828792	0.0	149029	1863.1105058899795	0.3
7528.114549437494	300	10.168318477606626	0.0	157421	2378.3685972221665	0.3
7530.482647890706	300	11.8002200243944	0.0	157488	2368.098453212226	0.3
7532.490486611816	300	13.792381303284577	0.0	143881	2007.838721109823	0.3
7534.491035273762	300	15.791832641339099	0.0	163444	2000.5486619454782	0.3
7538.763400945009	750	15.519466970091063	0.0	401088	4272.365671248035	0.3
7542.837934319957	750	15.444933595143517	0.0	365161	4074.533374947546	0.75
7545.723487379004	750	16.559380536096302	0.0	321064	2885.5530590472167	0.75
7548.569623879412	750	17.713244035689492	0.0	361565	2846.1365004068102	0.75
7551.536550058468	750	18.746317856633592	0.0	378327	2966.9261790559	0.75
7555.267647331867	750	19.015220583233514	0.0	390680	3731.097273400079	0.75
7558.834947032166	750	19.447920882934405	0.0	345516	3567.2997002991046	0.75
7565.415314668109	1200	16.867553246991562	0.0	641452	6580.367635942845	0.75
7574.178248015719	1200	12.104619899382557	0.0	599477	8762.933347609007	1.2
7582.909872806074	750	7.372995109027002	0.0	438281	8731.624790355554	0.3
7585.237220837533	300	9.045647077568717	0.0	167025	2327.348031458286	-0.15000000000000002
7586.982095739179	300	11.300772175922383	0.0	160064	1744.874901646333	0.3
7590.499504329988	750	11.78336358511404	0.0	331053	3517.408590808341	0.3
7599.597742124145	1200	6.685125790957222	0.0	550906	9098.23779415682	0.75

