19329.68582094125	750	4.0	5.775321338143219	450283	5775.321338143219	-24.08388175401584
19331.002980686117	300	6.682840255133825	0.0	155580	1317.159744866175	-0.15000000000000002
19332.12011221628	300	9.565708724972165	0.0	139857	1117.1315301616603	0.3
19335.179563549304	750	10.506257391949104	0.0	382355	3059.4513330230607	0.3
19338.64202057279	750	11.043800368458669	0.0	411561	3462.457023490435	0.75
19342.58740572094	750	11.098415220311423	0.0	318564	3945.385148147247	0.75
19345.724185988198	750	11.961634953055917	0.0	352642	3136.7802672555054	0.75
19349.988803309843	750	11.697017631411997	0.0	437162	4264.617321643919	0.75
19354.04543817085	750	11.640382770403557	0.0	374758	4056.6348610084397	0.75
19356.790920298896	750	12.894900642356413	0.0	362795	2745.4821280471433	0.75
19360.0751072029	750	13.610713738352432	0.0	353220	3284.186904003981	0.75
19362.727258456365	750	14.958562484889388	0.0	405134	2652.1512534630433	0.75
19365.85038671672	750	15.835434224533856	0.0	386351	3123.128260355532	0.75
19372.239080679108	750	13.446740262146871	0.0	434409	6388.693962386985	0.75
19378.143479201422	750	11.54234173983313	0.0	337059	5904.398522313742	0.75
19383.237296405747	750	10.448524535505813	0.0	366214	5093.817204327317	0.75
19387.366912089445	750	10.318908851809761	0.0	360831	4129.615683696051	0.75
19392.665690590482	750	9.020130350773908	0.0	372963	5298.778501035853	0.75
19394.581495792016	300	11.104325149241358	0.0	165384	1915.805201532551	-0.15000000000000002
19396.00064958307	300	13.685171358186638	0.0	140881	1419.1537910547186	0.3
19402.03620869919	750	11.649612242065999	0.0	386472	6035.559116120639	0.3
19405.892356463788	750	11.793464477471696	0.0	399894	3856.1477645943028	0.75
19410.216663993517	750	11.46915694774344	0.0	401853	4324.3075297282585	0.75
19416.32270480897	750	9.363116132288607	0.0	343800	6106.040815454832	0.75
19421.694320817507	750	7.991500123750041	0.0	359903	5371.616008538566	0.75
19424.240809234674	300	9.44501170658126	0.0	153938	2546.48841716878	-0.15000000000000002
19427.337013244345	300	10.348807696909644	0.0	181901	3096.2040096716173	0.3
19429.075788500733	300	12.61003244052171	0.0	111155	1738.7752563879337	0.3
19431.395251807	300	14.290569134256621	0.0	153605	2319.4633062650905	0.3
19433.655012762207	300	16.030808179048908	0.0	149029	2259.7609552077115	0.3
19436.420137680587	300	17.265683260670368	0.0	157421	2765.1249183785403	0.3
19439.246139188297	300	18.439681752958307	0.0	157488	2826.0015077120643	0.3
19444.7698304824	750	16.915990458854896	0.0	369834	5523.691294103412	0.3
19450.23013503826	750	15.455685902994999	0.0	412837	5460.304555859898	0.75
19456.574240629066	750	13.111580312189872	0.0	401088	6344.105590805128	0.75
19459.95847201193	750	13.72734892932364	0.0	365161	3384.2313828662313	0.75
19462.72113127174	750	14.964689669513609	0.0	321064	2762.6592598100315	0.75
19466.403459342757	750	15.282361598502181	0.0	361565	3682.328071011429	0.75
19472.72773262656	750	12.958088314695734	0.0	378327	6324.273283806447	0.75
19480.494938435113	750	9.19088250614568	0.0	390680	7767.205808550053	0.75
19483.94187111998	750	9.74394982127643	0.0	345516	3446.93268486925	0.75
19487.36636336566	750	10.319457575593924	0.0	384505	3424.4922456825066	0.75
19492.516065874603	750	9.169755066651726	0.0	372093	5149.702508942199	0.75
19497.10965546651	750	8.576165474748027	0.0	438281	4593.5895919036975	0.75
19501.135708189147	750	8.550112752106376	0.0	398987	4026.0527226416525	0.75
19505.06520586883	750	8.62061507242559	0.0	393804	3929.497679680787	0.75
19508.518179221217	750	9.167641720038397	0.0	331053	3452.9733523871932	0.75
19520.26139046715	1850	4.0	2.5755695258942852	846370	11743.211245932682	-10.324948961345426

