14608.60841684559	750	4.0	2.7039540741785544	450283	2703.9540741785545	-10.877002518967783
14609.468643722206	300	7.139773123385195	0.0	155580	860.2268766148045	-0.15000000000000002
14611.194186556493	750	9.414230289098276	0.0	350812	1725.54283428692	0.3
14612.898442568461	750	11.70997427713145	0.0	382355	1704.2560119668278	0.75
14616.702965308183	1200	11.905451537410872	0.0	652874	3804.522739720576	0.75
14621.306676220722	1200	11.301740624869439	0.0	520315	4603.710912541434	1.2
14626.006113469362	1200	10.60230337622889	0.0	561791	4699.437248640549	1.2
14632.218220753355	1200	8.390196092235483	0.0	709534	6212.107283993408	1.2
14634.562705823178	750	10.045711022411693	0.0	374758	2344.48506982379	0.3
14636.679162753364	750	11.929254092227696	0.0	362795	2116.4569301839974	0.75
14638.750214708112	750	13.858202137480156	0.0	353220	2071.0519547475415	0.75
14640.844343535904	750	15.764073309688964	0.0	405134	2094.128827791191	0.75
14643.747049828271	1200	16.861367017322767	0.0	624282	2902.706292366198	0.75
14648.60496805904	1850	16.003448786553154	0.0	1036454	4857.918230769611	1.2000000000000002
14655.286562953754	1850	13.32185389183989	0.0	821631	6681.594894713266	1.85
14659.903507419072	1200	12.704909426521729	0.0	587876	4616.944465318161	0.5499999999999999
14663.815402663327	1200	12.793014182265681	0.0	617242	3911.895244256048	1.2
14666.502892482371	1200	14.105524363223562	0.0	581493	2687.4898190421195	1.2
14676.582697156984	1200	8.025719688608666	0.0	639204	10079.804674614896	1.2
14678.374793015864	300	10.233623829728892	0.0	140881	1792.095858879776	-0.6000000000000001
14679.84508121859	300	12.76333562700413	0.0	157671	1470.288202724762	0.3
14680.92805397589	300	15.680362869702986	0.0	157812	1082.9727573011432	0.3
14682.30506384862	300	18.303352996972595	0.0	163927	1377.0098727303885	0.3
14683.916192071925	300	20.692224773667043	0.0	137654	1611.128223305553	0.3
14687.675550635637	750	20.93286620995645	0.0	359903	3759.3585637105944	0.3
14691.739060107051	1200	20.86935673854131	0.0	590335	4063.509471415143	0.75
14696.180362389145	1200	20.428054456445913	0.0	696376	4441.302282095394	1.2
14699.451495975232	1200	21.156920870360338	0.0	487160	3271.133586085575	1.2
14703.529374432464	1200	21.079042413126956	0.0	622896	4077.8784572333784	1.2
14707.679439579339	1200	20.92897726625493	0.0	641447	4150.065146872027	1.2
14711.761595572101	1200	20.846821273491397	0.0	570392	4082.155992763532	1.2
14717.593184184125	1200	19.01523266146694	0.0	620283	5831.588612024457	1.2
14721.272173644224	1200	19.33624320136672	0.0	584349	3678.9894601002193	1.2
14726.280779312692	1200	18.327637532897743	0.0	670129	5008.605668468976	1.2
14730.042574088062	1200	18.565842757529442	0.0	690253	3761.794775368303	1.2
14737.902430543292	1200	14.70598630229765	0.0	598727	7859.856455231791	1.2
14742.082232243118	750	14.526184602473556	0.0	321064	4179.801699824093	0.3
14747.39985592384	750	13.208560921749665	0.0	361565	5317.623680723891	0.75
14752.604559096653	750	12.003857748938044	0.0	378327	5204.703172811622	0.75
14756.5495063054	750	12.058910540190775	0.0	390680	3944.9472087472695	0.75
14759.358882453776	750	13.249534391814423	0.0	345516	2809.3761483763524	0.75
14761.954120813332	750	14.65429603225908	0.0	384505	2595.2383595553433	0.75
14764.219189543062	750	16.389227302529477	0.0	372093	2265.068729729603	0.75
14766.760396223184	750	17.84802062240809	0.0	438281	2541.206680121388	0.75
14768.776781157563	750	19.831635688029	0.0	398987	2016.3849343790891	0.75
14772.031006649593	1200	20.577410195998432	0.0	638661	3254.2254920305686	0.75
14777.740593065328	2850	18.867823780264796	0.0	1231456	5709.586415733637	1.2000000000000002
14784.001805442887	2850	16.606611402703884	0.0	1364537	6261.212377560913	2.85

