20093.16165280732	750	4.0	3.791441730238546	450283	3791.441730238546	-15.553199440025747
20094.548699061892	300	6.6129537454278156	0.0	155580	1387.046254572185	-0.15000000000000002
20095.56592512637	300	9.595727680951125	0.0	139857	1017.2260644766923	0.3
20097.864923647154	750	11.296729160166416	0.0	382355	2298.998520784708	0.3
20100.58704410678	750	12.57460870054119	0.0	411561	2722.1204596252264	0.75
20104.08051313453	1200	13.081139672790817	0.0	520315	3493.469027750373	0.75
20106.609732146175	1200	14.551920661146825	0.0	561791	2529.219011643993	1.2
20110.33117295458	1850	14.830479852744366	0.0	1060487	3721.4408084024603	1.2000000000000002
20114.53182500659	1850	14.62982780073478	0.0	852833	4200.652052009586	1.85
20120.007873520946	1850	13.153779286375494	0.0	913888	5476.048514359284	1.85
20124.534608270882	1850	12.627044536439525	0.0	939819	4526.734749935969	1.85
20130.446781916587	1850	10.714870890735755	0.0	917428	5912.1736457037705	1.85
20137.125918743805	1850	8.035734063519962	0.0	946851	6679.1368272157915	1.85
20144.357034176955	1200	4.804618630368771	0.0	687371	7231.115433151192	0.5499999999999999
20148.368354695765	750	4.793298111557509	0.0	337059	4011.320518811261	0.3
20149.976718684837	300	7.184934122486385	0.0	138313	1608.363989071125	-0.15000000000000002
20151.586430399162	300	9.575222408162148	0.0	143509	1609.7117143242367	0.3
20152.826424092906	300	12.335228714414994	0.0	150616	1239.9936937471539	0.3
20154.212883123975	300	14.94876968334617	0.0	165384	1386.4590310688257	0.3
20155.30927314937	300	17.852379657950472	0.0	140881	1096.3900253956967	0.3
20158.404387668994	750	18.757265138329576	0.0	386472	3095.1145196208945	0.3
20162.00789770054	1200	19.15375510678221	0.0	616206	3603.510031547365	0.75
20167.09109064771	1200	18.07056215961017	0.0	656471	5083.192947172041	1.2
20170.784096724525	1200	18.377556082796975	0.0	536667	3693.006076813193	1.2
20173.62069753345	1200	19.540955273869237	0.0	587236	2836.600808927737	1.2
20177.327703733055	1200	19.833949074262335	0.0	590335	3707.0061996069007	1.2
20181.52205889142	1200	19.639593915899866	0.0	696376	4194.355158362469	1.2
20185.517625019125	1200	19.64402778819325	0.0	487160	3995.566127706618	1.2
20191.329746025618	1200	17.83190678169894	0.0	622896	5812.12100649431	1.2
20198.21254864872	1200	14.949104158597795	0.0	641447	6882.802623101145	1.2
20203.891709599164	1200	13.269943208152705	0.0	570392	5679.160950445091	1.2
20208.980492883096	1200	12.181159924218278	0.0	620283	5088.7832839344255	1.2
20213.26988980584	750	11.89176300147353	0.0	369834	4289.396922744748	0.3
20218.3226030454	750	10.839049761914339	0.0	412837	5052.71323955919	0.75
20223.26906945579	750	9.892583351521488	0.0	401088	4946.466410392851	0.75
20228.228474667692	750	8.933178139621653	0.0	365161	4959.405211899835	0.75
20233.19669098018	750	7.964961827132709	0.0	321064	4968.216312488943	0.75
20239.37542606808	750	5.7862267392346105	0.0	361565	6178.735087898099	0.75
20242.49995344277	300	6.661699364540961	0.0	144254	3124.5273746936505	-0.15000000000000002
20246.561634839003	300	6.600017968308952	0.0	149991	4061.6813962320075	0.3
20250.424254321322	300	6.737398485988462	0.0	147968	3862.6194823204914	0.3
20253.783668824763	300	7.377983982549085	0.0	161857	3359.414503439376	0.3
20255.659740087118	300	9.501912720193065	0.0	145210	1876.0712623560198	0.3
20257.316855307632	300	11.844797499678508	0.0	172312	1657.1152205145565	0.3
20259.03449910759	300	14.12715369971851	0.0	167025	1717.6437999599984	0.3
20260.51149024512	300	16.650162562191	0.0	160064	1476.991137527514	0.3
20265.87883094033	1200	15.2828218669771	0.0	538612	5367.340695213899	0.29999999999999993
20277.13010505418	2850	8.031547753129686	0.0	1364537	11251.274113847414	1.2000000000000002

