19909.668906439398	750	4.0	6.308048004947866	450283	6308.0480049478665	-26.374606421275825
19912.698564149352	300	4.9703422900424306	0.0	155580	3029.6577099575693	-0.15000000000000002
19914.30614266838	300	7.362763771014124	0.0	139857	1607.5785190283066	0.3
19916.267082539856	300	9.401823899538504	0.0	155432	1960.9398714756198	0.3
19918.660488730202	300	11.008417709192697	0.0	163442	2393.406190345805	0.3
19920.095137440323	300	13.573768999071778	0.0	126289	1434.6487101209204	0.3
19921.57405794974	300	16.094848489656087	0.0	153295	1478.92050941569	0.3
19928.05079449927	750	13.618111940125937	0.0	437162	6476.736549530151	0.3
19935.420137630317	750	10.248768809079676	0.0	374758	7369.343131046261	0.75
19941.051859251693	750	8.617047187704944	0.0	362795	5631.721621374732	0.75
19942.563725261138	300	11.105181178260775	0.0	141840	1511.8660094441693	-0.15000000000000002
19944.160128684514	300	13.508777754886205	0.0	156148	1596.40342337457	0.3
19946.24280191164	300	15.426104527756713	0.0	160746	2082.6732271294904	0.3
19948.88684916769	300	16.782057271709565	0.0	179801	2644.0472560471494	0.3
19953.00523660606	750	16.663669833342283	0.0	337059	4118.387438367281	0.3
19955.700245347063	750	17.96866109233428	0.0	366214	2695.008741008002	0.75
19958.05238623907	750	19.616520200326157	0.0	360831	2352.140892008121	0.75
19960.94893636444	750	20.719970074956827	0.0	372963	2896.550125369333	0.75
19965.184805073717	750	20.484101365679894	0.0	405596	4235.868709276932	0.75
19968.239410998754	750	21.42949544064266	0.0	350713	3054.6059250372314	0.75
19973.161504722706	1200	20.507401716688765	0.0	601738	4922.0937239539	0.75
19977.398086660396	1200	20.27081977899858	0.0	616206	4236.5819376901845	1.2
19982.564589333804	1200	19.10431710559145	0.0	656471	5166.502673407127	1.2
19986.371124253827	1200	19.29778218556584	0.0	536667	3806.534920025608	1.2
19991.745024867054	1200	17.92388157234042	0.0	587236	5373.900613225421	1.2
19996.48505968899	1200	17.18384675040506	0.0	590335	4740.034821935359	1.2
20002.59929719606	1200	15.069609243332245	0.0	696376	6114.237507072815	1.2
20006.669513945002	1200	14.99939249439209	0.0	487160	4070.2167489401536	1.2
20011.42640719166	1200	14.242499247734075	0.0	622896	4756.893246658016	1.2
20015.553076138596	1200	14.115830300796745	0.0	641447	4126.6689469373305	1.2
20019.789534682186	1200	13.879371757209785	0.0	570392	4236.45854358696	1.2
20024.82439247627	1200	12.844513963125236	0.0	620283	5034.857794084551	1.2
20029.124420183063	1200	12.54448625633089	0.0	584349	4300.027706794344	1.2
20034.661346326855	1200	11.007560112539391	0.0	670129	5536.9261437915	1.2
20041.251447341132	1200	8.417459098259195	0.0	690253	6590.101014280195	1.2
20046.885424810876	1200	6.783481628517649	0.0	598727	5633.977469741548	1.2
20053.310101309853	1200	4.358805129538412	0.0	487812	6424.676498979236	1.2
20055.91768884899	300	5.751217590402816	0.0	124011	2607.5875391355958	-0.6000000000000001
20059.724479427838	300	5.944427011555302	0.0	144254	3806.7905788475146	0.3
20061.789486016645	300	7.879420422747375	0.0	149991	2065.006588807926	0.3
20063.434523459015	300	10.234382980381007	0.0	147968	1645.0374423663698	0.3
20066.36346831255	300	11.305438126844306	0.0	161857	2928.9448535367	0.3
20068.690420713476	300	12.978485725916958	0.0	145210	2326.9524009273487	0.3
20071.24536683275	300	14.423539606642237	0.0	172312	2554.9461192747217	0.3
20077.5260871238	750	12.14281931559345	0.0	398987	6280.720291048788	0.3
20080.81979212384	750	12.849114315553217	0.0	393804	3293.705000040232	0.75
20082.99688022386	750	14.672026215528	0.0	331053	2177.0881000252184	0.75
20089.370211077083	1850	12.298695362308765	0.0	846370	6373.330853219234	0.75

