22534.690092185767	750	4.0	2.752351768226307	450283	2752.351768226307	-11.085112603373119
22537.519136902876	750	5.17095528289082	0.0	398865	2829.0447171091805	0.75
22539.77265980754	750	6.917432378227826	0.0	350812	2253.5229046629934	0.75
22540.864142142324	750	9.825950043445326	0.0	382355	1091.4823347825	0.75
22546.701063385583	1200	7.989028800183683	0.0	652874	5836.921243261642	0.75
22553.507425131756	1200	5.182667054012048	0.0	520315	6806.361746171636	1.2
22555.19723420692	300	7.49285797885158	0.0	153295	1689.8090751604675	-0.6000000000000001
22556.62839452635	300	10.061697659419504	0.0	173849	1431.1603194320749	0.3
22557.611107807475	300	13.078984378293196	0.0	150710	982.7132811263072	0.3
22558.636862424566	300	16.053229761200818	0.0	139105	1025.75461709238	0.3
22559.87849026873	300	18.811601917038548	0.0	141840	1241.6278441622703	0.3
22565.07240822357	750	17.61768396219966	0.0	405134	5193.917954838889	0.3
22570.842616648784	750	15.847475536981715	0.0	386351	5770.208425217943	0.75
22573.80189267309	750	16.888199512676845	0.0	434409	2959.276024304871	0.75
22575.021034165336	750	19.669058020430803	0.0	337059	1219.141492246043	0.75
22576.761060596855	750	21.9290315889167	0.0	366214	1740.0264315141026	0.75
22578.601206126365	750	24.088886059402743	0.0	360831	1840.1455295139554	0.75
22584.518580439126	1200	22.171511746643215	0.0	581493	5917.374312759525	0.75
22588.960483882915	1200	21.729608302853613	0.0	639204	4441.903443789603	1.2
22593.669013823543	1200	21.021078362224337	0.0	586839	4708.529940629276	1.2
22601.95262052364	1200	16.737471662128062	0.0	601738	8283.606700096276	1.2
22606.44252593783	1200	16.247566247938583	0.0	616206	4489.9054141894785	1.2
22615.243109364386	1200	11.446982821381585	0.0	656471	8800.583426556997	1.2
22623.252616223235	1200	7.437475962531723	0.0	536667	8009.5068588498625	1.2
22624.426197013316	300	10.263895172451004	0.0	146754	1173.5807900807176	-0.6000000000000001
22625.65087775751	300	13.039214428252317	0.0	153938	1224.680744198687	0.3
22630.380102658306	750	12.30998952745888	0.0	425781	4729.224900793437	0.3
22632.150992024348	750	14.5391001614183	0.0	277716	1770.8893660405793	0.75
22635.149973600004	750	15.540118585759767	0.0	400396	2998.981575658535	0.75
22637.91312275445	750	16.776969431312715	0.0	400508	2763.149154447052	0.75
22640.08038227658	750	18.609709909185668	0.0	358218	2167.2595221270462	0.75
22645.505753369824	1200	17.184338815943843	0.0	620283	5425.371093241825	0.75
22650.185378488688	1200	16.504713697079126	0.0	584349	4679.62511886472	1.2
22655.819536286966	1200	14.870555898804371	0.0	670129	5634.157798274755	1.2
22661.705522864977	1200	12.984569320789944	0.0	690253	5885.986578014426	1.2
22667.14979097967	1200	11.540301206097848	0.0	598727	5444.268114692096	1.2
22670.69947235631	1200	11.990619829457987	0.0	487812	3549.6813766398595	1.2
22674.43650110282	1200	12.25359108295101	0.0	575591	3737.0287465069778	1.2
22679.232246290772	1200	11.457845894997579	0.0	605884	4795.745187953432	1.2
22685.988322821122	1200	8.701769364647843	0.0	587506	6756.0765303497365	1.2
22688.837678593285	750	9.852413592485968	0.0	345516	2849.3557721618763	0.3
22693.002819460162	750	9.687272725610374	0.0	384505	4165.140866875594	0.75
22695.992942330966	750	10.697149854802982	0.0	372093	2990.1228708073922	0.75
22700.595862737766	750	10.09422944800479	0.0	438281	4602.920406798192	0.75
22708.476601743474	750	6.213490442296204	0.0	398987	7880.739005708585	0.75
22710.81065503555	300	7.879437150218731	0.0	160064	2334.0532920774735	-0.15000000000000002
22711.87994650469	300	10.81014568108197	0.0	137507	1069.2914691367625	0.3
22713.574372538977	750	13.115719646793892	0.0	314107	1694.426034288078	0.3

