11776.488640034257	750	4.0	4.851455205977005	450283	4851.455205977005	-20.11125738570112
11778.69230491396	300	5.796335120296149	0.0	155580	2203.664879703851	-0.15000000000000002
11780.84917144988	300	7.639468584376665	0.0	139857	2156.8665359194842	0.3
11783.51133972005	300	8.97730031420655	0.0	155432	2662.1682701701147	0.3
11785.953986534403	300	10.534653499851958	0.0	163442	2442.646814354592	0.3
11788.518887246193	300	11.969752788063095	0.0	126289	2564.9007117888623	0.3
11791.792449279497	300	12.69619075475933	0.0	153295	3273.5620333037646	0.3
11794.746576818203	300	13.742063216051369	0.0	173849	2954.127538707962	0.3
11796.084687151593	300	16.403952882659972	0.0	150710	1338.1103333913968	0.3
11797.310847708439	300	19.17779232581396	0.0	139105	1226.160556846011	0.3
11798.362731264402	300	22.125908769853044	0.0	141840	1051.8835559609138	0.3
11802.735759244593	750	21.752880789662303	0.0	405134	4373.027980190744	0.3
11809.052329044678	750	19.43631098957732	0.0	386351	6316.569800084985	0.75
11818.977516368213	750	13.511123666040033	0.0	434409	9925.187323537286	0.75
11823.809501070731	750	12.679138963523354	0.0	337059	4831.98470251668	0.75
11826.096957129157	300	14.391682905098362	0.0	138313	2287.456058424993	-0.15000000000000002
11827.814715170949	300	16.6739248633042	0.0	143509	1717.7580417941583	0.3
11829.392145533453	300	19.09649450079986	0.0	150616	1577.430362504338	0.3
11831.02639748396	300	21.462242550294285	0.0	165384	1634.251950505575	0.3
11834.206003629653	750	22.282636404601394	0.0	350713	3179.606145692891	0.3
11838.524527712743	750	21.96411232151006	0.0	386472	4318.524083091336	0.75
11843.027000738584	750	21.461639295670548	0.0	399894	4502.473025839513	0.75
11846.375636757182	750	22.113003277071712	0.0	401853	3348.636018598834	0.75
11848.364649426037	750	24.123990608217053	0.0	343800	1989.0126688546577	0.75
11851.59453996293	1200	24.8941000713234	0.0	587236	3229.8905368936526	0.75
11857.096542561965	1200	23.392097472288363	0.0	590335	5502.002599035037	1.2
11866.4237411448	1200	18.064898889454952	0.0	696376	9327.198582833411	1.2
11874.482568548457	1200	14.006071485795584	0.0	487160	8058.827403659367	1.2
11881.464062261826	1200	11.024577772428744	0.0	622896	6981.493713366841	1.2
11884.273932750204	750	12.214707284048815	0.0	400508	2809.8704883799296	0.3
11886.34729776679	750	14.14134226746452	0.0	358218	2073.3650165842955	0.75
11888.431974967898	750	16.056665066355418	0.0	400322	2084.6772011090998	0.75
11889.995035091479	750	18.493604942775747	0.0	369834	1563.060123579671	0.75
11893.41137280849	750	19.077267225765098	0.0	412837	3416.337717010648	0.75
11898.709579077262	750	17.77906095699241	0.0	401088	5298.206268772689	0.75
11904.433280004874	750	16.055360029380278	0.0	365161	5723.700927612132	0.75
11910.970129070423	750	13.518510963830664	0.0	321064	6536.849065549614	0.75
11915.145574716344	750	13.343065317909357	0.0	361565	4175.445645921307	0.75
11916.320742249762	300	16.16789778449301	0.0	144254	1175.1675334163467	-0.15000000000000002
11917.544920897244	300	18.943719137009996	0.0	149991	1224.1786474830112	0.3
11919.142316750133	300	21.34632328412067	0.0	147968	1597.3958528893281	0.3
11921.091405383071	300	23.39723465118345	0.0	161857	1949.0886329372188	0.3
11927.01181541388	750	21.47682462037568	0.0	372093	5920.410030807773	0.3
11937.046571398043	750	15.442068636213099	0.0	438281	10034.75598416258	0.75
11942.981543677151	750	13.507096357103178	0.0	398987	5934.972279109921	0.75
11947.796132565525	750	12.69250746872936	0.0	393804	4814.588888373817	0.75
11950.872977564568	750	13.61566246968582	0.0	331053	3076.8449990435397	0.75
11956.610330306321	1200	11.878309727932372	0.0	550906	5737.352741753448	0.75

