1141.3002622741833	750	4.0	0.8872836624630916	450283	887.2836624630917	-3.065319748591294
1143.2579375235578	1850	6.042324750625549	0.0	957685	1957.6752493744507	0.75
1146.1397640088178	2850	7.160498265365586	0.0	1300868	2881.8264852599627	1.85
1149.190345011997	2850	8.109917262186457	0.0	1520281	3050.581003179129	2.85
1151.9882560509886	2850	9.312006223194622	0.0	1472558	2797.911038991836	2.85
1154.9085289952075	2850	10.391733278975789	0.0	1224260	2920.2729442188324	2.85
1157.8961454408793	2850	11.404116833303936	0.0	1388403	2987.616445671853	2.85
1163.1309059679056	4300	10.169356306277608	0.0	2290172	5234.760527026329	2.8499999999999996
1168.1353226758877	4300	9.164939598295604	0.0	2055469	5004.416707982005	4.3
1173.4225429591895	4300	7.877719314993765	0.0	2169201	5287.220283301838	4.3
1181.4019224215854	4300	4.0	0.10166014740200444	2173522	7979.379462395769	3.862861366171381
1194.8520686717466	1850	4.0	9.450146250161447	917428	13450.146250161448	-41.235628875694225
1196.9895182255586	300	5.86255044618817	0.0	160746	2137.4495538118304	-1.25
1198.8855150761765	300	7.96655359557014	0.0	179801	1895.9968506180305	0.3
1199.5903432354621	300	11.26172543628434	0.0	140051	704.8281592857999	0.3
1200.1312031037112	300	14.72086556803551	0.0	138313	540.8598682488304	0.3
1200.6313983080963	300	18.220670363650324	0.0	143509	500.1952043851852	0.3
1201.1327795199625	300	21.719289151784267	0.0	150616	501.3812118660566	0.3
1202.8793465880224	1200	23.972722083724253	0.0	639204	1746.5670680600113	0.29999999999999993
1205.4067386952331	1850	25.445329976513495	0.0	923755	2527.392107210757	1.2000000000000002
1209.7775160998544	2850	25.07455257189214	0.0	1415116	4370.7774046213535	1.85
1213.8193294975208	2850	25.032739174225803	0.0	1468126	4041.8133976663357	2.85
1221.0303488357831	4300	21.82171983596344	0.0	2221506	7211.019338262365	2.8499999999999996
1230.745002734344	4300	16.107065937402524	0.0	2044075	9714.653898560915	4.3
1237.5653059694191	4300	13.286762702327323	0.0	2186790	6820.303235075201	4.3
1243.1251658395772	2850	11.726902832169083	0.0	1480464	5559.859870158241	1.4000000000000001
1246.2277535660078	1850	12.624315105738571	0.0	1076599	3102.587726430511	0.8500000000000001
1249.176708123488	1850	13.675360548258501	0.0	758197	2948.95455748007	1.85
1252.4206146404213	1850	14.431454031325117	0.0	972798	3243.9065169333853	1.85
1256.1350736701472	2850	14.716995001599097	0.0	1561263	3714.4590297260197	1.85
1259.1090636295125	2850	15.7430050422338	0.0	1341201	2973.9899593652954	2.85
1262.475366180921	2850	16.376702490825295	0.0	1497683	3366.302551408508	2.85
1265.6289896605845	2850	17.22307901116182	0.0	1358081	3153.6234796634735	2.85
1269.3554981079865	2850	17.49657056375974	0.0	1587293	3726.50844740208	2.85
1274.625330112252	4300	16.22673855949433	0.0	2307787	5269.8320042654095	2.8499999999999996
1279.3465702560031	4300	15.505498415743016	0.0	2143948	4721.240143751314	4.3
1283.7005260916696	4300	15.151542580076473	0.0	1919781	4353.955835666542	4.3
1288.4251907165333	4300	14.42687795521304	0.0	2147467	4724.664624863434	4.3
1293.43453561118	4300	13.417533060566232	0.0	2133870	5009.344894646808	4.3
1299.57699682934	4300	11.27507184240628	0.0	2146120	6142.461218159952	4.3
1304.055256648005	4300	10.796812023741259	0.0	2108491	4478.259818665021	4.3
1308.3117173116013	4300	10.540351360144781	0.0	2184571	4256.460663596478	4.3
1312.9075979907254	4300	9.94447068102081	0.0	2121928	4595.880679123971	4.3
1317.6595532973058	4300	9.192515374440434	0.0	2219102	4751.955306580375	4.3
1322.8411303446783	4300	8.010938327067985	0.0	2124950	5181.57704737245	4.3
1328.4147270848798	4300	6.437341586866347	0.0	2246506	5573.596740201638	4.3
1332.7264037895675	4300	6.125664882178499	0.0	1961140	4311.6767046878485	4.3
1350.691056578771	4300	4.0	11.838987907024842	2155012	17964.65278920334	-46.60764800020682

