7602.38352291066	750	4.0	2.7857807865153212	450283	2785.7807865153213	-11.228857382015882
7604.783745021901	750	5.599777888758914	0.0	398865	2400.222111241086	0.75
7606.193907449342	750	8.189615461318068	0.0	350812	1410.162427440845	0.75
7607.9074635148245	750	10.476059395835795	0.0	382355	1713.5560654822739	0.75
7611.342406013899	1200	11.041116896762034	0.0	652874	3434.942499073761	0.75
7613.6984975088235	1200	12.685025401836963	0.0	520315	2356.0914949250714	1.2
7616.1369741651915	1200	14.24654874546936	0.0	561791	2438.4766563676044	1.2
7620.904749716666	1850	13.478773193995337	0.0	1060487	4767.775551474023	1.2000000000000002
7625.454087621158	1850	12.92943528950302	0.0	852833	4549.337904492317	1.85
7630.215789152189	1850	12.167733758471718	0.0	913888	4761.701531031303	1.85
7635.645094536329	1850	10.738428374331365	0.0	939819	5429.3053841403525	1.85
7640.165137819561	1850	10.218385091100023	0.0	917428	4520.043283231342	1.85
7644.734820861502	1850	9.64870204915852	0.0	946851	4569.683041941504	1.85
7649.88977583074	1850	8.493747079921365	0.0	1036454	5154.954969237155	1.85
7654.029698764726	1850	8.35382414593454	0.0	821631	4139.9229339868225	1.85
7657.98264804635	1850	8.400874864311223	0.0	923170	3952.949281623318	1.85
7662.5941903503235	1850	7.789332560337829	0.0	966699	4611.542303973393	1.85
7666.893480077422	1850	7.490042833239923	0.0	885714	4299.2897270979065	1.85
7672.818583790672	1850	5.564939119989691	0.0	987708	5925.103713250232	1.85
7677.17144504631	1850	5.212077864352131	0.0	923755	4352.86125563756	1.85
7680.82797811177	1200	5.555544798891662	0.0	601738	3656.533065460469	0.5499999999999999
7685.598812238381	1200	4.784710672281164	0.0	616206	4770.834126610498	1.2
7690.414481814123	1200	4.0	0.030958903460884358	656471	4815.669575742048	1.0668767151181973
7693.362614284223	750	5.051867529900167	0.0	343800	2948.132470099833	0.3
7695.823150068738	750	6.591331745385745	0.0	359903	2460.5357845144213	0.75
7698.533362441609	750	7.88111937251421	0.0	379700	2710.212372871536	0.75
7700.652439069485	750	9.762042744637757	0.0	425781	2119.0766278764536	0.75
7702.068446936658	750	12.346034877465195	0.0	277716	1416.0078671725607	0.75
7704.653885525376	1200	13.76059628874769	0.0	622896	2585.4385887175054	0.75
7707.773225152453	1200	14.641256661670136	0.0	641447	3119.339627077555	1.2
7710.397039240388	1200	16.017442573735725	0.0	570392	2623.814087934413	1.2
7714.97186716714	1850	15.442614646984502	0.0	954453	4574.827926751221	1.2000000000000002
7718.948986966132	1850	15.465494847992115	0.0	885062	3977.1197989923885	1.85
7723.678083892179	1850	14.736397921945565	0.0	1035329	4729.096926046551	1.85
7730.1072571997865	1850	12.307224614337857	0.0	1026056	6429.173307607709	1.85
7736.976802130931	1850	9.437679683192941	0.0	943942	6869.544931144914	1.85
7740.198447034574	1200	10.216034779549778	0.0	487812	3221.644903643164	0.5499999999999999
7744.229922500382	1200	10.184559313742932	0.0	575591	4031.475465806846	1.2
7750.239782929103	1200	8.174698885021105	0.0	605884	6009.860428721826	1.2
7755.446384303992	750	6.968097510132293	0.0	390680	5206.601374888813	0.3
7758.359749472009	750	8.0547323421145	0.0	345516	2913.3651680177927	0.75
7762.3515659638315	750	8.062915850291603	0.0	384505	3991.8164918228968	0.75
7766.525770896174	750	7.888710917949136	0.0	372093	4174.204932342467	0.75
7768.755203175704	300	9.65927863841901	0.0	172312	2229.4322795301255	-0.15000000000000002
7770.623532905066	300	11.790948909056377	0.0	167025	1868.3297293626356	0.3
7775.605854405617	1200	10.808627408506414	0.0	638661	4982.321500549963	0.29999999999999993
7780.049205093493	1200	10.365276720629915	0.0	538612	4443.350687876501	1.2
7784.872835359663	1850	9.541646454458895	0.0	846370	4823.630266171019	1.2000000000000002

