5326.910074265657	750	4.0	3.974865311257283	450283	3974.865311257283	-16.341920838406317
5328.0871932890805	300	6.822880976576757	0.0	155580	1177.1190234232433	-0.15000000000000002
5330.2349809579	750	8.67509330775734	0.0	350812	2147.787668819416	0.3
5332.2167813510405	750	10.6932929146174	0.0	382355	1981.8003931399426	0.75
5334.055509220963	750	12.85456504469406	0.0	411561	1838.7278699233395	0.75
5336.453204357408	1200	14.45686990824901	0.0	520315	2397.6951364450515	0.75
5338.794021053056	1200	16.11605321260094	0.0	561791	2340.816695648069	1.2
5344.865564938269	1850	14.044509327388234	0.0	1060487	6071.543885212706	1.2000000000000002
5349.126323453389	1850	13.78375081226819	0.0	852833	4260.758515120043	1.85
5353.521279389454	1850	13.388794876203134	0.0	913888	4394.9559360650555	1.85
5358.549007289163	1850	12.361066976494177	0.0	939819	5027.727899708957	1.85
5363.1549313478545	1850	11.755142917802997	0.0	917428	4605.924058691181	1.85
5367.860537674408	1850	11.049536591249	0.0	946851	4705.606326553998	1.85
5372.364297655461	1850	10.545776610195745	0.0	1036454	4503.759981053256	1.85
5376.317423483465	1850	10.592650782191939	0.0	821631	3953.125828003805	1.85
5381.482329983871	1850	9.427744281786469	0.0	923170	5164.906500405469	1.85
5385.948206036062	1850	8.961868229594778	0.0	966699	4465.87605219169	1.85
5389.607959673626	1850	9.302114592030692	0.0	885714	3659.753637564087	1.85
5392.988037462511	1850	9.922036803145861	0.0	987708	3380.0777888848297	1.85
5396.336385173396	1850	10.573689092261318	0.0	923755	3348.347710884543	1.85
5399.590461267989	1850	11.31961299766706	0.0	891604	3254.0760945942593	1.85
5403.544365753553	1850	11.3657085121027	0.0	955231	3953.9044855643606	1.85
5408.073118525025	1850	10.836955740630797	0.0	968026	4528.752771471901	1.85
5412.466783564171	1850	10.443290701485829	0.0	874175	4393.66503914497	1.85
5416.514864847556	1850	10.395209418101025	0.0	897976	4048.081283384803	1.85
5420.820855674505	1850	10.089218591151836	0.0	905935	4305.990826949191	1.85
5425.535383906571	1850	9.374690359085893	0.0	1076599	4714.5282320659435	1.85
5434.57237591354	1850	4.337698352117264	0.0	758197	9036.992006968629	1.85
5435.614653753958	300	7.295420511699326	0.0	153605	1042.2778404179385	-1.25
5436.412305423136	300	10.497768842520909	0.0	149029	797.6516691784158	0.3
5437.234023392612	300	13.676050873045725	0.0	157421	821.7179694751857	0.3
5438.237703356006	300	16.672370909650436	0.0	157488	1003.6799633952886	0.3
5439.240983368132	300	19.669090897524537	0.0	143881	1003.2800121258988	0.3
5445.242265350062	1850	17.66780891559558	0.0	1035329	6001.281981928958	0.30000000000000004
5451.537781415739	1850	15.372292849917486	0.0	1026056	6295.516065678093	1.85
5459.358916259124	1850	11.551158006533004	0.0	943942	7821.134843384481	1.85
5466.66606145257	1200	8.24401281308633	0.0	487812	7307.145193446672	0.5499999999999999
5469.397788868241	750	9.512285397416129	0.0	361565	2731.727415670202	0.3
5472.543092317563	750	10.36698194809494	0.0	378327	3145.3034493211862	0.75
5475.234001154934	750	11.676073110723609	0.0	390680	2690.9088373713325	0.75
5479.669171666764	750	11.240902598894241	0.0	345516	4435.170511829366	0.75
5484.47050808661	750	10.439566179048386	0.0	384505	4801.336419845856	0.75
5488.843049446275	750	10.067024819383438	0.0	372093	4372.541359664948	0.75
5492.084832053623	750	10.82524221203526	0.0	438281	3241.782607348177	0.75
5494.8170358182615	750	12.093038447396971	0.0	398987	2732.203764638288	0.75
5497.321432845883	750	13.58864141977563	0.0	393804	2504.397027621342	0.75
5500.8269061606425	1200	14.08316810501523	0.0	538612	3505.4733147603984	0.75
5512.673889941332	2850	6.236184324325264	0.0	1364537	11846.983780689967	1.2000000000000002

