10849.036420525314	750	4.0	4.746018619318359	450283	4746.018619318359	-19.65788006306894
10850.337575616306	300	6.698844909008274	0.0	155580	1301.1550909917264	-0.15000000000000002
10851.52546339373	300	9.510957131585016	0.0	139857	1187.8877774232599	0.3
10854.684519165288	750	10.351901360025098	0.0	382355	3159.0557715599175	0.3
10858.000918087786	750	11.035502437527496	0.0	411561	3316.3989224976012	0.75
10860.536145805923	750	12.500274719391008	0.0	318564	2535.227718136488	0.75
10863.532178393989	750	13.504242131323691	0.0	352642	2996.0325880673167	0.75
10869.829751263698	1200	11.206669261614891	0.0	709534	6297.5728697088	0.75
10875.822223868137	1200	9.214196657175806	0.0	584846	5992.472604439087	1.2
10880.147147430374	1200	8.889273094937744	0.0	560821	4324.923562238061	1.2
10884.029405900836	1200	9.007014624476913	0.0	607410	3882.258470460831	1.2
10887.030658868141	750	10.005761657171904	0.0	405134	3001.2529673050076	0.3
10889.84353246369	750	11.192888061622234	0.0	386351	2812.8735955496695	0.75
10893.273617485911	750	11.762803039401932	0.0	434409	3430.085022220303	0.75
10896.01216245257	750	13.024258072743793	0.0	337059	2738.5449666581385	0.75
10900.550007863922	1200	12.48641266139182	0.0	587876	4537.845411351972	0.75
10905.81855133131	1200	11.21786919400506	0.0	617242	5268.543467386761	1.2
10911.533269741183	1200	9.503150784131233	0.0	581493	5714.718409873827	1.2
10919.453206368426	1200	5.583214156888906	0.0	639204	7919.936627242326	1.2
10923.50166343044	750	5.534757094876166	0.0	350713	4048.4570620127397	0.3
10925.067346457248	300	7.969074068066671	0.0	157671	1565.6830268094957	-0.15000000000000002
10926.555755929683	300	10.48066459563284	0.0	157812	1488.4094724338308	0.3
10928.267852378862	300	12.768568146454019	0.0	163927	1712.0964491788202	0.3
10929.72382522479	300	15.312595300524492	0.0	137654	1455.9728459295268	0.3
10933.845792632283	750	15.190627893034018	0.0	359903	4121.967407490474	0.3
10938.664937101626	750	14.3714834236887	0.0	379700	4819.144469345318	0.75
10944.38541103869	750	12.651009486626943	0.0	425781	5720.473937061756	0.75
10949.511760524714	750	11.5246600006019	0.0	277716	5126.349486025044	0.75
10963.289633587881	750	4.0	2.253213062565439	400396	13777.873063167339	-8.938816169031387
10968.854704455804	300	4.0	1.565070867921896	149029	5565.070867921896	-6.879804732064153
10974.007116964416	300	4.0	1.1524125086116337	157421	5152.412508611634	-4.655373787030025
10978.533929117097	300	4.0	0.5268121526808918	157488	4526.812152680892	-1.9652922565278346
10982.993082447789	300	4.0	0.4591533306938072	143881	4459.153330693807	-1.6743593219833708
10988.566680337872	300	4.0	1.5735978900818737	163444	5573.597890081874	-6.466470927352057
10991.85301423944	300	4.713666098432791	0.0	179328	3286.333901567209	0.3
10994.557656819075	300	6.009023518797216	0.0	159914	2704.642579635575	0.3
10996.989416216047	300	7.577264121824992	0.0	131610	2431.7593969722243	0.3
10999.56187030407	300	9.004810033801634	0.0	124011	2572.4540880233576	0.3
11003.410977964468	300	9.15570237340463	0.0	144254	3849.1076603970055	0.3
11007.728209754521	300	8.838470583351988	0.0	149991	4317.231790052642	0.3
11011.590995441178	300	8.97568489669526	0.0	147968	3862.785686656728	0.3
11016.696743409098	300	7.869936928773653	0.0	161857	5105.747967921608	0.3
11018.596201916693	300	9.970478421179621	0.0	145210	1899.4585075940315	0.3
11019.915664180497	300	12.651016157375759	0.0	172312	1319.462263803862	0.3
11020.724982432175	300	15.841697905696222	0.0	167025	809.3182516795375	0.3
11021.273844080752	300	19.292836257119227	0.0	160064	548.8616485769978	0.3
11022.59062917287	1200	21.976051165001735	0.0	538612	1316.7850921174897	0.29999999999999993
11025.637103000287	2850	22.929577337584526	0.0	1364537	3046.4738274172087	1.2000000000000002

