25173.699776172998	750	4.0	4.838144007766586	450283	4838.144007766587	-20.05401923339632
25175.290615499205	300	6.409160673793575	0.0	155580	1590.8393262064255	-0.15000000000000002
25176.493969757703	300	9.205806415296815	0.0	139857	1203.3542584967608	0.3
25177.75042810981	300	11.949348063187209	0.0	155432	1256.4583521096054	0.3
25181.08387333965	750	12.615902833350594	0.0	411561	3333.445229836614	0.3
25183.50642762345	750	14.193348549550965	0.0	318564	2422.554283799629	0.75
25186.234233071737	750	15.46554310126316	0.0	352642	2727.805448287805	0.75
25191.65228277485	1200	14.047493398152874	0.0	709534	5418.049703110285	0.75
25195.990178716365	1200	13.709597456633652	0.0	584846	4337.895941519223	1.2
25200.185969633956	1200	13.51380653904265	0.0	560821	4195.790917591003	1.2
25203.290380916245	1200	14.409395256753887	0.0	607410	3104.4112822887623	1.2
25206.27690444481	1200	15.42287172819018	0.0	594078	2986.523528563707	1.2
25208.839705891325	1200	16.860070281672822	0.0	624282	2562.8014465173596	1.2
25211.709925239244	1200	17.989850933756497	0.0	687371	2870.219347916326	1.2
25215.43070222776	1850	18.269073945237498	0.0	821631	3720.7769885189973	1.2000000000000002
25219.81681387636	1850	17.88296229663586	0.0	923170	4386.111648601638	1.85
25223.59504794672	1850	18.104728226274563	0.0	966699	3778.2340703612927	1.85
25226.856884312856	1850	18.842891860139307	0.0	885714	3261.836366135256	1.85
25230.644547789692	1850	19.055228383304524	0.0	987708	3787.663476834789	1.85
25241.405798321946	2850	12.293977851048506	0.0	1336050	10761.250532256016	1.85
25244.137964138845	1200	13.561812034152378	0.0	601738	2732.1658168961276	-0.44999999999999996
25248.821847939565	1200	12.877928233430724	0.0	616206	4683.883800721654	1.2
25254.103865946694	1200	11.59591022630146	0.0	656471	5282.018007129265	1.2
25257.233098365105	1200	12.466677807892635	0.0	536667	3129.2324184088247	1.2
25260.328082598095	1200	13.37169357490567	0.0	587236	3094.984232986965	1.2
25263.27248345456	1200	14.427292718440025	0.0	590335	2944.4008564656456	1.2
25268.83522092246	1200	12.864555250535474	0.0	696376	5562.7374679045515	1.2
25273.436259823946	1200	12.263516349055513	0.0	487160	4601.038901479959	1.2
25274.835957840136	1200	14.863818332862442	0.0	622896	1399.6980161930717	1.2
25276.199521753366	1200	17.500254419633222	0.0	641447	1363.56391322922	1.2
25277.44584569149	1200	20.253930481511148	0.0	570392	1246.323938122078	1.2
25278.804597163733	1200	22.895179009267675	0.0	620283	1358.7514722434707	1.2
25280.001314864072	1200	25.698461308929645	0.0	584349	1196.7177003380314	1.2
25284.312933625308	4300	25.386842547693888	0.0	2286761	4311.618761235756	1.1999999999999997
25290.110510526232	4300	23.589265646767608	0.0	2307787	5797.57690092628	4.3
25294.493935862978	4300	23.205840310023376	0.0	2143948	4383.425336744227	4.3
25298.20416038508	4300	23.495615787920766	0.0	1919781	3710.22452210261	4.3
25304.227993130848	4300	21.471783042153735	0.0	2147467	6023.832745767029	4.3
25313.537843551723	4300	16.161932621280098	0.0	2133870	9309.85042087364	4.3
25322.899835330245	4300	10.799940842757932	0.0	2146120	9361.991778522164	4.3
25330.132167590662	2850	7.567608582339799	0.0	1339500	7232.332260418133	1.4000000000000001
25333.355479573685	1200	8.344296599316442	0.0	641452	3223.3119830233586	-0.44999999999999996
25335.986944341657	1200	9.712831831347582	0.0	599477	2631.464767968858	1.2
25338.91428972318	1200	10.785486449822292	0.0	634861	2927.34538152529	1.2
25342.151983842243	1200	11.54779233076029	0.0	630203	3237.6941190620028	1.2
25347.987216863214	1850	9.712559309788098	0.0	982064	5835.233020972193	1.2000000000000002
25351.93391644221	1850	9.765859730796333	0.0	830730	3946.6995789917646	1.85
25360.453715964653	2850	5.246060208352974	0.0	1364537	8519.799522443358	1.85

