590.3004357327932	750	4.0	6.650702047500183	450283	6650.702047500184	-27.84801880425079
593.5087677741702	300	4.7916679586228605	0.0	155580	3208.33204137714	-0.15000000000000002
596.2618655531389	300	6.038570179654275	0.0	139857	2753.0977789685853	0.3
599.8513548803572	300	6.449080852435839	0.0	155432	3589.4893272184354	0.3
603.3456781454873	300	6.9547575873057905	0.0	163442	3494.323265130049	0.3
604.9012402211433	300	9.399195511649754	0.0	126289	1555.5620756560363	0.3
607.1548289255204	300	11.145606807272678	0.0	153295	2253.5887043770767	0.3
609.7300627372839	300	12.570372995509178	0.0	173849	2575.233811763499	0.3
612.1397607570648	300	14.16067497572826	0.0	150710	2409.6980197809194	0.3
614.6677113182375	300	15.632724414555573	0.0	139105	2527.950561172686	0.3
617.3944595289992	300	16.905976203793937	0.0	141840	2726.7482107616383	0.3
620.2737828000368	300	18.02665293275635	0.0	156148	2879.3232710375887	0.3
622.3062008622096	300	19.99423487058342	0.0	160746	2032.4180621729286	0.3
624.7502046060855	300	21.550231126707583	0.0	179801	2444.003743875837	0.3
626.6946542673373	300	23.605781465455838	0.0	140051	1944.4496612517448	0.3
630.881283601443	750	23.419152131350156	0.0	366214	4186.629334105685	0.3
634.8904224914875	750	23.41001324130564	0.0	360831	4009.138890044513	0.75
639.3647918105642	750	22.935643922228962	0.0	372963	4474.36931907668	0.75
644.1237137513333	750	22.176721981459774	0.0	405596	4758.921940769188	0.75
648.9610643618951	750	21.339371370898043	0.0	350713	4837.350610561729	0.75
653.9078279453605	750	20.392607787432578	0.0	386472	4946.763583465463	0.75
657.5771211141289	750	20.723314618664258	0.0	399894	3669.29316876832	0.75
661.0451275945446	750	21.25530813824843	0.0	401853	3468.006480415827	0.75
664.224897894366	750	22.075537838427124	0.0	343800	3179.770299821305	0.75
669.1335132501439	750	21.166922482649216	0.0	359903	4908.615355777907	0.75
674.0612558960651	750	20.239179836728084	0.0	379700	4927.742645921135	0.75
677.7164538937985	750	20.58398183899465	0.0	425781	3655.1979977334327	0.75
680.2235622255611	750	22.076873507232104	0.0	277716	2507.1083317625466	0.75
685.3960026805958	750	20.904433052197447	0.0	400396	5172.4404550346535	0.75
691.5001714523025	750	18.80026428049071	0.0	400508	6104.16877170674	0.75
698.0805333953971	750	16.21990233739611	0.0	358218	6580.361943094598	0.75
701.1636604684743	750	17.136775264319024	0.0	400322	3083.1270730770825	0.75
704.8510345443505	750	17.449401188442817	0.0	369834	3687.374075876208	0.75
711.5507927031507	750	14.749643029642648	0.0	412837	6699.758158800171	0.75
720.2123954760191	750	10.088040256774137	0.0	401088	8661.602772868511	0.75
727.9107229903625	750	6.389712742430749	0.0	365161	7698.3275143433875	0.75
729.3897140986526	300	8.910721634140744	0.0	131610	1478.9911082900064	-0.15000000000000002
730.6844362173587	300	11.615999515434666	0.0	124011	1294.7221187060795	0.3
732.1774441320745	300	14.122991600718818	0.0	144254	1493.0079147158463	0.3
735.7209806921474	750	14.579455040645856	0.0	390680	3543.536560072962	0.3
738.3371259906535	750	15.963309742139726	0.0	345516	2616.145298506129	0.75
741.2752502404461	750	17.02518549234724	0.0	384505	2938.1242497924845	0.75
744.5304745782915	750	17.76996115450176	0.0	372093	3255.224337845481	0.75
756.7901698452299	1200	9.510265887563321	0.0	634861	12259.69526693844	0.75
766.0161142642447	750	4.284321468548538	0.0	398987	9225.944419014782	0.3
769.0530474866698	300	5.247388246123359	0.0	160064	3036.93322242518	-0.15000000000000002
770.7861286817507	300	7.514307051042479	0.0	137507	1733.0811950808795	0.3
772.0574734278827	300	10.242962304910586	0.0	118421	1271.3447461318926	0.3

