16642.21084460504	750	4.0	5.057839080863765	450283	5057.839080863765	-20.99870804771419
16643.641582120097	300	6.569262484946178	0.0	155580	1430.7375150538228	-0.15000000000000002
16645.040170355936	300	9.170674249107659	0.0	139857	1398.5882358385181	0.3
16646.485148368596	300	11.72569623644636	0.0	155432	1444.9780126612982	0.3
16650.297578056274	750	11.913266548767632	0.0	411561	3812.429687678727	0.3
16653.25328071191	750	12.95756389313118	0.0	318564	2955.702655636452	0.75
16656.261900357087	750	13.948944247952115	0.0	352642	3008.619645179065	0.75
16660.217612805354	750	13.993231799684596	0.0	437162	3955.71244826752	0.75
16663.259036096297	750	14.951808508744692	0.0	374758	3041.4232909399034	0.75
16668.950204640412	1200	13.260639964628725	0.0	560821	5691.168544115969	0.75
16675.77030652174	1200	10.440538083302474	0.0	607410	6820.101881326251	1.2
16680.9900186678	1200	9.220825937240708	0.0	594078	5219.7121460617645	1.2
16686.895384370167	1200	7.315460234872983	0.0	624282	5905.365702367725	1.2
16692.219344587593	750	5.991500017448185	0.0	434409	5323.9602174247975	0.3
16696.42227524132	750	5.788569363725399	0.0	337059	4202.930653722787	0.75
16701.83856156665	750	4.372283038392862	0.0	366214	5416.286325332538	0.75
16703.772790305957	300	6.4380542990840235	0.0	143509	1934.2287393088382	-0.15000000000000002
16705.706951352262	300	8.503893252777505	0.0	150616	1934.1610463065176	0.3
16707.815395549165	300	10.395449055873168	0.0	165384	2108.4441969043364	0.3
16709.41176085806	300	12.799083746981408	0.0	140881	1596.3653088917597	0.3
16710.59168930495	300	15.619155300088387	0.0	157671	1179.9284468930218	0.3
16713.812894224677	750	16.39795038036399	0.0	399894	3221.2049197243955	0.3
16717.46618476571	750	16.74465983932597	0.0	401853	3653.2905410380195	0.75
16721.472222674012	750	16.73862193102677	0.0	343800	4006.0379082992	0.75
16724.529419100156	750	17.68142550488478	0.0	359903	3057.1964261419935	0.75
16728.536388975088	750	17.67445562994863	0.0	379700	4006.9698749361473	0.75
16732.795829935123	750	17.415014669916022	0.0	425781	4259.440960032608	0.75
16735.035597428512	750	19.17524717652492	0.0	277716	2239.767493391098	0.75
16738.390322432777	750	19.820522172261125	0.0	400396	3354.7250042637947	0.75
16742.807799631282	1200	19.403044973755904	0.0	641447	4417.477198505223	0.75
16749.787179155137	1200	16.423665449901012	0.0	570392	6979.379523854892	1.2
16760.0639181353	1200	10.146926469737325	0.0	620283	10276.738980163685	1.2
16764.00029183995	750	10.210552765086923	0.0	369834	3936.373704650403	0.3
16769.57659277289	750	8.634251832146147	0.0	412837	5576.300932940776	0.75
16774.33049189278	750	7.880352712259289	0.0	401088	4753.899119886857	0.75
16780.170379839423	750	6.040464765614059	0.0	365161	5839.88794664523	0.75
16781.420429906982	300	8.790414698055276	0.0	131610	1250.0500675587841	-0.15000000000000002
16782.65183206895	300	11.5590125360884	0.0	124011	1231.4021619668763	0.3
16784.19376256286	300	14.01708204217968	0.0	144254	1541.9304939087203	0.3
16788.40753382846	750	13.803310776579314	0.0	390680	4213.771265600367	0.3
16794.209259864354	750	12.001584740686054	0.0	345516	5801.72603589326	0.75
16800.14608631297	750	10.064758292071756	0.0	384505	5936.826448614298	0.75
16802.364094786488	300	11.846749818551327	0.0	145210	2218.008473520429	-0.15000000000000002
16805.386738693658	300	12.824105911379286	0.0	172312	3022.6439071720415	0.3
16807.96465613062	300	14.246188474412909	0.0	167025	2577.9174369663756	0.3
16813.994304402968	750	12.216540202069675	0.0	393804	6029.648272343234	0.3
16819.710109648724	750	10.500734956313892	0.0	331053	5715.8052457557815	0.75
16827.005961254174	1200	7.204883350864488	0.0	550906	7295.851605449404	0.75

