5904.625809641977	750	4.0	3.5013497766476167	450283	3501.3497766476166	-14.305804039584752
5906.626502691754	750	5.999306950223179	0.0	398865	2000.6930497768208	0.75
5908.185139002576	750	8.44067063940111	0.0	350812	1558.636310822068	0.75
5909.950438062707	750	10.675371579270124	0.0	382355	1765.2990601309868	0.75
5911.559407499356	750	13.066402142621186	0.0	411561	1608.9694366489382	0.75
5912.821925820295	750	15.803883821681344	0.0	318564	1262.5183209398413	0.75
5915.163357716753	1200	17.462451925223576	0.0	561791	2341.431896457768	0.75
5920.419387802363	1850	16.206421839612975	0.0	1060487	5256.0300856106005	1.2000000000000002
5926.556946625528	1850	14.068863016448448	0.0	852833	6137.558823164529	1.85
5932.687324098937	1850	11.938485543039041	0.0	913888	6130.377473409406	1.85
5936.474957515895	1200	12.150852126082198	0.0	607410	3787.6334169568427	0.5499999999999999
5939.856204283273	1200	12.769605358704156	0.0	594078	3381.246767378041	1.2
5943.587404566959	1200	13.038405075018389	0.0	624282	3731.2002836857678	1.2
5951.334025875445	1200	9.291783766531717	0.0	687371	7746.621308486673	1.2
5954.328161281174	750	10.297648360803494	0.0	337059	2994.135405728223	0.3
5958.497015131786	750	10.128794510191815	0.0	366214	4168.853850611678	0.75
5962.726904931746	750	9.898904710232161	0.0	360831	4229.889799959656	0.75
5967.547135010465	750	9.078674631512175	0.0	372963	4820.230078719985	0.75
5970.600169564318	750	10.025640077659101	0.0	405596	3053.034553853073	0.75
5972.604058685299	750	12.021750956678074	0.0	350713	2003.8891209810279	0.75
5974.582585644539	750	14.043223997437924	0.0	386472	1978.526959240149	0.75
5978.042886865982	1200	14.582922775995524	0.0	616206	3460.301221442402	0.75
5980.790108179902	1200	15.835701462075827	0.0	656471	2747.221313919695	1.2
5983.547293653521	1200	17.07851598845642	0.0	536667	2757.1854736194073	1.2
5988.903289458686	1200	15.722520183290223	0.0	587236	5355.995805166195	1.2
5994.985812462869	1200	13.639997179107661	0.0	590335	6082.523004182563	1.2
5999.045320437576	1200	13.58048920440047	0.0	696376	4059.507974707191	1.2
6001.649941768209	1200	14.975867873768674	0.0	487160	2604.6213306317945	1.2
6005.27920058136	1200	15.346609060617611	0.0	622896	3629.2588131510647	1.2
6008.928205625194	1200	15.697604016782911	0.0	641447	3649.0050438347002	1.2
6011.100386916162	1200	17.525422725814344	0.0	570392	2172.1812909685655	1.2
6013.291754211186	1200	19.334055430790446	0.0	620283	2191.3672950238997	1.2
6016.4932086301615	1850	20.132601011815527	0.0	885062	3201.454418974917	1.2000000000000002
6021.210276392402	1850	19.415533249574636	0.0	1035329	4717.067762240891	1.85
6025.474575715923	1850	19.151233926054065	0.0	1026056	4264.299323520573	1.85
6029.299413444635	1850	19.326396197340905	0.0	943942	3824.83772871316	1.85
6032.1150035840965	1850	20.510806057880423	0.0	728962	2815.590139460484	1.85
6037.333979528657	2850	19.291830113319286	0.0	1499009	5218.975944561135	1.85
6042.593500322833	2850	18.03230931914237	0.0	1427478	5259.520794176916	2.85
6047.117332989416	2850	17.5084766525599	0.0	1402287	4523.832666582472	2.85
6051.819361144918	2850	16.806448497057694	0.0	1339500	4702.028155502204	2.85
6057.5143512484065	2850	15.111458393569196	0.0	1527299	5694.9901034885	2.85
6062.164390258704	2850	14.461419383271812	0.0	1343002	4650.039010297383	2.85
6066.827983832568	2850	13.797825809408394	0.0	1587250	4663.593573863417	2.85
6071.499423736689	2850	13.126385905287798	0.0	1464921	4671.439904120596	2.85
6076.464608681722	2850	12.161200960254998	0.0	1483527	4965.1849450328	2.85
6082.996825702843	4300	9.628983939133116	0.0	1961140	6532.2170211218845	2.8499999999999996
6092.057706160099	4300	4.568103481877393	0.0	2155012	9060.880457255722	4.3

