11217.583274287057	750	4.0	2.7931852023610926	450283	2793.1852023610927	-11.260696370152697
11218.222636940138	300	7.360637346917347	0.0	155580	639.3626530826534	-0.15000000000000002
11219.524170937586	750	10.05910334946829	0.0	350812	1301.5339974490587	0.3
11220.792443615697	750	12.790830671356966	0.0	382355	1268.2726781113224	0.75
11222.18792364311	750	15.395350643943255	0.0	411561	1395.4800274137108	0.75
11224.284658909766	1200	17.298615377287337	0.0	520315	2096.7352666559163	0.75
11228.181546801332	1850	17.4017274857211	0.0	905515	3896.887891566236	1.2000000000000002
11232.554201015328	1850	17.029073271725668	0.0	1060487	4372.654213995432	1.85
11237.513142946129	1850	16.07013134092386	0.0	852833	4958.941930801807	1.85
11249.195175264369	1850	8.388099022683576	0.0	913888	11682.032318240284	1.85
11254.252049877034	750	7.331224410019252	0.0	353220	5056.874612664325	-0.3500000000000001
11255.441481826256	300	10.14179246079885	0.0	156148	1189.4319492204015	-0.15000000000000002
11256.707702015263	300	12.875572271792732	0.0	160746	1266.2201890061176	0.3
11257.967069882376	300	15.616204404679134	0.0	179801	1259.3678671135983	0.3
11258.996613013005	300	18.586661274051004	0.0	140051	1029.543130628134	0.3
11259.840588745763	300	21.74268554129314	0.0	138313	843.9757327578609	0.3
11262.818390626375	1200	22.764883660682738	0.0	617242	2977.801880610401	0.29999999999999993
11267.195816429816	1200	22.387457857241422	0.0	581493	4377.425803441319	1.2
11270.181891139871	1200	23.401383147187598	0.0	639204	2986.074710053824	1.2
11273.685679744543	1850	23.89759454251399	0.0	923755	3503.788604673606	1.2000000000000002
11277.372523007587	1850	24.210751279470962	0.0	891604	3686.8432630430293	1.85
11280.110387531011	1850	25.4728867560477	0.0	955231	2737.86452342326	1.85
11283.139827202016	1850	26.443447085041445	0.0	968026	3029.4396710062556	1.85
11287.550677902449	2850	26.032596384609782	0.0	1323990	4410.850700431659	1.85
11292.05990112352	2850	25.52337316353931	0.0	1383735	4509.2232210704715	2.85
11298.407814436638	2850	23.175459850422556	0.0	1480464	6347.913313116757	2.85
11305.582625800302	2850	20.000648486757598	0.0	1547572	7174.811363664959	2.85
11309.89089381389	2850	19.692380473170473	0.0	1141971	4308.268013587124	2.85
11315.94327311893	2850	17.640001168130823	0.0	1498470	6052.379305039648	2.85
11322.068299498776	2850	15.514974788285418	0.0	1561263	6125.026379845408	2.85
11327.770640875538	2850	13.812633411522034	0.0	1341201	5702.341376763382	2.85
11333.426174139098	2850	12.157100147961414	0.0	1497683	5655.53326356062	2.85
11339.897856096517	2850	9.685418190543288	0.0	1358081	6471.681957418124	2.85
11346.791371073588	2850	6.791903213472268	0.0	1587293	6893.514977071021	2.85
11349.954976303132	1850	7.62829798392827	0.0	1026056	3163.6052295439963	0.8500000000000001
11353.112728247705	1850	8.470546039356606	0.0	943942	3157.7519445716644	1.85
11355.753025775832	1850	9.830248511228982	0.0	728962	2640.2975281276244	1.85
11358.394437368683	1850	11.188836918376772	0.0	938587	2641.4115928522106	1.85
11361.00095558685	1850	12.582318700211188	0.0	908665	2606.5182181655837	1.85
11365.00150209958	1850	12.581772187480233	0.0	930577	4000.5465127309544	1.85
11370.417871548794	1850	11.165402738266074	0.0	858450	5416.369449214159	1.85
11375.587703547497	1850	9.995570739563805	0.0	1025005	5169.831998702269	1.85
11379.609858398006	1200	9.973415889054646	0.0	599477	4022.15485050916	0.5499999999999999
11382.11671663366	1200	11.466557653398857	0.0	634861	2506.8582356557886	1.2
11383.915766313474	1200	13.667507973585096	0.0	630203	1799.049679813761	1.2
11386.554528446719	1850	15.028745840341271	0.0	982064	2638.762133243824	1.2000000000000002
11391.135303574158	2850	14.44797071290306	0.0	1231456	4580.77512743821	1.85
11397.322532669566	2850	12.260741617494421	0.0	1364537	6187.22909540864	2.85

