24228.918174187016	750	4.0	3.9247822452337946	450283	3924.7822452337946	-16.126563654505315
24230.26957048023	300	6.648603706784821	0.0	155580	1351.3962932151785	-0.15000000000000002
24231.32170754424	300	9.596466642774697	0.0	139857	1052.1370640101254	0.3
24234.509539829294	750	10.408634357722102	0.0	382355	3187.832285052594	0.3
24237.356412482844	750	11.561761704174344	0.0	411561	2846.872653547756	0.75
24239.212044027692	750	13.70613015932313	0.0	318564	1855.6315448512137	0.75
24242.34965133626	1200	14.568522850755102	0.0	561791	3137.6073085680296	0.75
24247.5367025732	1200	13.381471613814034	0.0	709534	5187.051236941068	1.2
24252.369179094847	1200	12.548995092169072	0.0	584846	4832.476521644961	1.2
24255.373505189957	1200	13.544668997060295	0.0	560821	3004.3260951087773	1.2
24260.135095568523	1200	12.783078618492084	0.0	607410	4761.590378568212	1.2
24267.83537519972	1200	9.082798987295504	0.0	594078	7700.27963119658	1.2
24271.966660024926	750	8.951514162090069	0.0	386351	4131.2848252054355	0.3
24276.64200021563	750	8.27617397138487	0.0	434409	4675.3401907052	0.75
24279.96585004565	750	8.952324141365514	0.0	337059	3323.8498300193546	0.75
24283.181531342103	750	9.736642844914149	0.0	366214	3215.6812964513647	0.75
24286.365627717812	750	10.5525464692069	0.0	360831	3184.0963757072486	0.75
24291.326308968448	750	9.591865218572128	0.0	372963	4960.681250634772	0.75
24301.238775848145	750	4.0	0.3206016611269479	405596	9912.466879699075	-0.6285871428458758
24303.16175734881	300	6.0770184993359475	0.0	140881	1922.9815006640524	-0.15000000000000002
24305.046180672005	300	8.192595176140461	0.0	157671	1884.423323195487	0.3
24307.149977286	300	10.08879856214409	0.0	157812	2103.796613996372	0.3
24309.647791901152	300	11.590983946990947	0.0	163927	2497.8146151531414	0.3
24311.4874090843	300	13.751366763841482	0.0	137654	1839.617183149466	0.3
24316.28133295368	750	12.957442894460902	0.0	359903	4793.923869380577	0.3
24320.32655687274	750	12.912218975400904	0.0	379700	4045.223919059997	0.75
24323.99131152006	750	13.24746432807903	0.0	425781	3664.7546473218745	0.75
24327.9494663629	750	13.289309485239734	0.0	277716	3958.1548428392966	0.75
24333.174358714474	750	12.064417133668158	0.0	400396	5224.892351571576	0.75
24337.700735772865	750	11.538040075272361	0.0	400508	4526.377058395796	0.75
24344.635224067424	750	8.603551780715275	0.0	358218	6934.488294557085	0.75
24348.042336529506	750	9.196439318630851	0.0	400322	3407.112462084424	0.75
24351.07091413967	750	10.167861708467903	0.0	369834	3028.577610162948	0.75
24353.470878629443	750	11.767897218696199	0.0	412837	2399.964489771705	0.75
24355.685407431283	750	13.55336841685674	0.0	401088	2214.528801839459	0.75
24357.677062332685	750	15.561713515453226	0.0	365161	1991.654901403514	0.75
24360.71092820769	1200	16.527847640452755	0.0	487812	3033.865875000472	0.75
24366.614862894196	1200	14.623912953945512	0.0	575591	5903.934686507242	1.2
24370.362471907294	1200	14.876303940847407	0.0	605884	3747.6090130981042	1.2
24373.96086491841	1200	15.277910929736597	0.0	587506	3598.3930111108098	1.2
24379.582918694497	1200	13.655857153646057	0.0	566904	5622.053776090541	1.2
24382.90084869859	1200	14.337927149551923	0.0	641452	3317.9300040941316	1.2
24386.451327329687	1200	14.787448518452566	0.0	599477	3550.4786310993595	1.2
24389.421183915703	1200	15.81759193243488	0.0	634861	2969.856586017687	1.2
24392.519040853338	1200	16.719734994801275	0.0	630203	3097.856937633606	1.2
24397.195168092756	1200	16.04360775538117	0.0	638661	4676.127239420104	1.2
24402.558054589	2850	14.680721259138256	0.0	1231456	5362.886496242913	1.2000000000000002
24411.871856714697	2850	9.366919133440737	0.0	1364537	9313.802125697519	2.85

