25363.31353061404	750	4.0	2.8598146493896546	450283	2859.8146493896547	-11.547202992375514
25365.192229326298	750	6.121301287744215	0.0	398865	1878.6987122557848	0.75
25367.840728906725	1200	7.4728017073149475	0.0	571051	2648.4995804292676	0.75
25370.994784595005	1200	8.31874601903261	0.0	617681	3154.0556882823385	1.2
25373.71573955301	1200	9.597791061028285	0.0	652874	2720.9549580043235	1.2
25375.39852520422	1200	11.915005409818827	0.0	520315	1682.785651209458	1.2
25378.442047498684	1850	12.87148311535294	0.0	905515	3043.522294465887	1.2000000000000002
25383.32505378028	1850	11.988476833756751	0.0	1060487	4883.006281596188	1.85
25387.06681552594	1850	12.246715088096865	0.0	852833	3741.761745659886	1.85
25391.77867520763	1850	11.534855406403638	0.0	913888	4711.859681693228	1.85
25396.991079912263	1850	10.32245070177245	0.0	939819	5212.404704631189	1.85
25402.480236212716	1850	8.833294401322204	0.0	917428	5489.156300450246	1.85
25407.4124652174	1850	7.901065396636843	0.0	946851	4932.22900468536	1.85
25411.720102953837	1850	7.593427660201897	0.0	1036454	4307.637736434946	1.85
25415.079573855935	1850	8.233956758102414	0.0	821631	3359.470902099484	1.85
25419.05852773381	1850	8.255002880229261	0.0	923170	3978.953877873151	1.85
25424.812064568203	1850	6.501466045836864	0.0	966699	5753.536834392398	1.85
25428.667754526887	1850	6.645776087151719	0.0	885714	3855.689958685144	1.85
25432.670803223427	1850	6.64272739061091	0.0	987708	4003.0486965408095	1.85
25436.60824197367	1850	6.705288640367005	0.0	923755	3937.4387502439045	1.85
25439.009352589623	1200	8.30417802441742	0.0	601738	2401.110615949586	0.5499999999999999
25441.521737834355	1200	9.791792779682194	0.0	616206	2512.3852447352256	1.2
25444.919910486995	1850	10.393620127041189	0.0	968026	3398.172652641004	1.2000000000000002
25448.70714584338	1850	10.606384770657012	0.0	874175	3787.235356384176	1.85
25452.12760515551	1850	11.185925458528217	0.0	897976	3420.4593121287944	1.85
25455.903514919584	1850	11.410015694456055	0.0	905935	3775.909764072163	1.85
25460.078614012156	1850	11.234916601882313	0.0	1076599	4175.099092573742	1.85
25462.802216998512	1850	12.51131361552394	0.0	758197	2723.6029863583717	1.85
25466.607269842265	1850	12.706260771772712	0.0	972798	3805.0528437512303	1.85
25471.1409792085	1850	12.172551405538256	0.0	975811	4533.709366234456	1.85
25475.437032395046	1850	11.876498218991943	0.0	873429	4296.053186546313	1.85
25478.63756137059	1850	12.675969243449373	0.0	954453	3200.5289755425692	1.85
25481.522155300223	1850	13.791375313814482	0.0	885062	2884.5939296348906	1.85
25486.431960720827	1850	12.881569893211719	0.0	1035329	4909.805420602764	1.85
25490.32000219445	1850	12.993528419588714	0.0	1026056	3888.041473623006	1.85
25493.835236981038	1850	13.478293632999673	0.0	943942	3515.2347865890406	1.85
25496.82214959977	1850	14.49138101426582	0.0	728962	2986.912618733855	1.85
25501.021059273124	1850	14.292471340914162	0.0	938587	4198.909673351657	1.85
25508.686709331265	2850	10.626821282772362	0.0	1427478	7665.6500581418	1.85
25513.721588522512	1850	9.591942091528134	0.0	930577	5034.879191244228	0.8500000000000001
25518.759415465152	1850	8.554115148885836	0.0	858450	5037.826942642298	1.85
25526.713439161784	1850	4.600091452253612	0.0	1025005	7954.023696632224	1.85
25533.280720271778	750	4.0	1.9671896577376473	372093	6567.28110999126	-8.808915528271882
25535.457977953178	300	5.822742318601032	0.0	172312	2177.257681398968	-0.15000000000000002
25536.41308331851	300	8.867636953264599	0.0	167025	955.105365336434	0.3
25537.17793577787	300	12.102784493909994	0.0	160064	764.852459354604	0.3
25537.810764750157	300	15.469955521622186	0.0	137507	632.8289722878088	0.3
25539.297194882034	750	17.983525389745203	0.0	314107	1486.4301318769835	0.3

