4183.305025888768	750	4.0	3.5949223786930258	450283	3594.9223786930256	-14.70816622838001
4186.6046324785	750	4.700393410267405	0.0	398865	3299.6065897325957	0.75
4189.9745927783215	750	5.330433110446052	0.0	350812	3369.960299821353	0.75
4193.302505590562	750	6.002520298205901	0.0	382355	3327.9128122401503	0.75
4196.839336245428	750	6.4656896433394255	0.0	411561	3536.830654866476	0.75
4199.523346633987	750	7.781679254781118	0.0	318564	2684.010388558307	0.75
4202.111255526114	750	9.193770362653122	0.0	352642	2587.9088921279968	0.75
4205.500948003601	750	9.804077885166647	0.0	437162	3389.692477486474	0.75
4208.619219945394	750	10.685805943372626	0.0	374758	3118.2719417940216	0.75
4211.576611821091	750	11.72841406767563	0.0	362795	2957.391875696999	0.75
4214.6750051884155	750	12.630020700351531	0.0	353220	3098.393367324098	0.75
4219.202469981001	1200	12.102555907766565	0.0	594078	4527.464792584969	0.75
4224.444740737123	1200	10.860285151644941	0.0	624282	5242.270756121624	1.2
4230.593888193972	1200	8.711137694796177	0.0	687371	6149.147456848764	1.2
4235.475376650344	1200	7.82964923842395	0.0	526950	4881.488456372226	1.2
4241.392452718356	1200	5.9125731704107585	0.0	587876	5917.076068013192	1.2
4245.604907051462	750	5.700118837305612	0.0	360831	4212.454333105146	0.3
4247.308065624261	300	7.996960264506508	0.0	150616	1703.1585727991046	-0.15000000000000002
4249.0747672285115	300	10.230258660257055	0.0	165384	1766.7016042494513	0.3
4250.418896532405	300	12.886129356364291	0.0	140881	1344.1293038927633	0.3
4251.78391982276	300	15.521106066008175	0.0	157671	1365.0232903561173	0.3
4255.266361019702	750	16.038664869065617	0.0	399894	3482.441196942558	0.3
4259.050648846072	750	16.254377042695875	0.0	401853	3784.28782636974	0.75
4262.495678271546	750	16.809347617222066	0.0	343800	3445.0294254738105	0.75
4266.039530740307	750	17.265495148461408	0.0	359903	3543.8524687606564	0.75
4269.562549758237	750	17.74247613053104	0.0	379700	3523.019017930366	0.75
4276.733306033874	1200	14.571719854894203	0.0	696376	7170.756275636836	0.75
4283.512565380998	1200	11.792460507770478	0.0	487160	6779.259347123725	1.2
4287.283603162695	750	12.02142272607406	0.0	400396	3771.0377816964174	0.3
4291.332520190596	750	11.972505698172565	0.0	400508	4048.9170279014957	0.75
4294.723920888797	750	12.581104999973057	0.0	358218	3391.400698199508	0.75
4299.2615637734725	750	12.043462115296622	0.0	400322	4537.642884676437	0.75
4302.350852055797	750	12.954173832971831	0.0	369834	3089.28828232479	0.75
4305.49814638059	750	13.806879508179932	0.0	412837	3147.2943247918997	0.75
4309.425476162237	750	13.879549726531717	0.0	401088	3927.329781648215	0.75
4315.663447156796	1200	11.641578731972459	0.0	598727	6237.9709945592585	0.75
4323.528933604149	1200	7.776092284619425	0.0	487812	7865.486447353033	1.2
4328.737667377645	750	6.567358511123177	0.0	361565	5208.733773496248	0.3
4331.828727475844	300	7.476298412923594	0.0	144254	3091.0600981995835	-0.15000000000000002
4334.666797135122	300	8.638228753646011	0.0	149991	2838.069659277582	0.3
4337.204386158899	300	10.100639729868739	0.0	147968	2537.5890237772724	0.3
4340.299035426369	300	11.00599046239897	0.0	161857	3094.649267469769	0.3
4342.872071496026	300	12.432954392741483	0.0	145210	2573.036069657486	0.3
4345.067477847356	300	14.237548041412635	0.0	172312	2195.406351328848	0.3
4346.676939680719	300	16.628086208048263	0.0	167025	1609.4618333643732	0.3
4350.6505051623	750	16.654520726468792	0.0	393804	3973.565481579469	0.3
4355.800770700787	1200	15.504255187981173	0.0	538612	5150.265538487621	0.75
4377.9379737210975	2850	4.0	6.632947832328406	1364537	22137.20302030958	-27.32167567901214

