17791.02757699732	750	4.0	1.5985734190571195	450283	1598.5734190571195	-6.123865701945613
17792.83937946816	750	6.188197529158977	0.0	398865	1811.8024708410228	0.75
17795.53844892811	1200	7.489128069211373	0.0	571051	2699.069459947604	0.75
17798.620021298666	1200	8.407555698654637	0.0	617681	3081.5723705567366	1.2
17801.051349101348	1200	9.976227895971572	0.0	652874	2431.3278026830653	1.2
17802.64364182429	1200	12.38393517302946	0.0	520315	1592.2927229421114	1.2
17805.713002183988	1850	13.314574813331552	0.0	905515	3069.360359697908	1.2000000000000002
17809.246170126946	1850	13.781406870377243	0.0	1060487	3533.1679429543087	1.85
17812.38922411749	1850	14.638352879832023	0.0	852833	3143.0539905452188	1.85
17815.9784927335	1850	15.049084263825414	0.0	913888	3589.268616006609	1.85
17819.1867357169	1850	15.840841280425927	0.0	939819	3208.2429833994865	1.85
17825.057701234025	2850	13.969875763300308	0.0	1519951	5870.965517125619	1.85
17830.85860844411	2850	12.16896855321429	0.0	1422919	5800.9072100860185	2.85
17836.835982077606	2850	10.191594919719657	0.0	1578343	5977.3736334946325	2.85
17841.039107259403	2850	9.988469737922555	0.0	1231445	4203.1251817971015	2.85
17847.494129845636	2850	7.533447151689944	0.0	1471065	6455.022586232611	2.85
17853.836345311556	2850	5.19123168577043	0.0	1491626	6342.215465919514	2.85
17857.43821753916	1850	5.589359458170025	0.0	885714	3601.8722276004046	0.8500000000000001
17861.517499887992	1850	5.510077109336385	0.0	987708	4079.2823488336394	1.85
17864.73828553001	1850	6.289291467321083	0.0	923755	3220.785642015303	1.85
17868.03469978932	1850	6.9928772080065	0.0	891604	3296.4142593145825	1.85
17871.1904823739	1850	7.837094623432198	0.0	955231	3155.7825845743014	1.85
17876.775016766285	1850	6.252560231045855	0.0	968026	5584.534392386343	1.85
17879.450687569006	1850	7.576889428322635	0.0	874175	2675.670802723221	1.85
17883.775660058964	1850	7.251916938365736	0.0	897976	4324.972489956899	1.85
17888.866407059337	1850	6.1611699379909	0.0	905935	5090.747000374835	1.85
17892.56709408862	1200	6.460482908709648	0.0	696376	3700.687029281253	0.5499999999999999
17894.98482709026	1200	8.042749907069384	0.0	487160	2417.7330016402643	1.2
17898.088173575186	1200	8.939403422143325	0.0	622896	3103.346484926058	1.2
17901.36870440466	1200	9.658872592669624	0.0	641447	3280.5308294737015	1.2
17904.213821187466	1200	10.813755809864025	0.0	570392	2845.116782805599	1.2
17907.09832728304	1200	11.929249714288174	0.0	620283	2884.5060955758513	1.2
17910.804219214067	1850	12.223357783263388	0.0	885062	3705.891931024786	1.2000000000000002
17914.85825670827	1850	12.169320289056735	0.0	1035329	4054.0374942066537	1.85
17918.4960227997	1850	12.531554197627154	0.0	1026056	3637.766091429581	1.85
17921.927210037324	1850	13.100366960003157	0.0	943942	3431.1872376239967	1.85
17924.768418597618	1850	14.259158399710826	0.0	728962	2841.2085602923303	1.85
17928.4330922782	1850	14.594484719128044	0.0	938587	3664.6736805827827	1.85
17934.21090481111	2850	12.816672186216296	0.0	1427478	5777.812532911749	1.85
17940.230023117736	2850	10.797553879590867	0.0	1402287	6019.118306625429	2.85
17945.484034755	2850	9.54354224232375	0.0	1339500	5254.0116372671155	2.85
17952.20576757945	2850	6.8218094178739594	0.0	1527299	6721.732824449791	2.85
17956.22208353263	1850	6.805493464692407	0.0	886255	4016.3159531815527	0.8500000000000001
17960.04335799891	1850	6.984218998411836	0.0	973972	3821.2744662805712	1.85
17964.419496455503	1850	6.608080541823222	0.0	958994	4376.138456588614	1.85
17968.765158094022	1850	6.262418903303679	0.0	982064	4345.661638519543	1.85
17974.70553956832	1850	4.3220374290052295	0.0	830730	5940.38147429845	1.85
17977.66859245841	1200	5.358984538918217	0.0	550906	2963.0528900870117	0.5499999999999999

