11402.039923964307	750	4.0	4.717391294739914	450283	4717.391294739914	-19.53478256738163
11403.494854100834	300	6.545069863471299	0.0	155580	1454.9301365287008	-0.15000000000000002
11404.745736016943	300	9.294187947363007	0.0	139857	1250.881916108293	0.3
11406.24226095561	300	11.797663008694082	0.0	155432	1496.524938668925	0.3
11408.136256039363	300	13.903667924942715	0.0	163442	1893.9950837513672	0.3
11409.472241314363	300	16.56768264994145	0.0	126289	1335.9852750012644	0.3
11413.711447905016	750	16.328476059289116	0.0	352642	4239.206590652336	0.3
11419.116259553997	750	14.92366441030701	0.0	437162	5404.811648982105	0.75
11422.541348067598	750	15.49857589670604	0.0	374758	3425.088513600972	0.75
11426.036506020166	750	16.003417944138185	0.0	362795	3495.1579525678544	0.75
11429.317467829775	750	16.722456134528517	0.0	353220	3280.9618096096697	0.75
11433.31794345865	750	16.721980505654663	0.0	405134	4000.4756288738536	0.75
11437.163099824462	750	16.87682413984069	0.0	386351	3845.1563658139767	0.75
11441.8401336677	750	16.19979029660318	0.0	434409	4677.033843237509	0.75
11445.34428827417	750	16.695635690134942	0.0	337059	3504.154606468235	0.75
11449.08121477991	750	16.958709184394646	0.0	366214	3736.9265057402945	0.75
11454.686116835486	750	15.35380712881824	0.0	360831	5604.902055576408	0.75
11461.676831803152	750	12.36309216115257	0.0	372963	6990.714967665669	0.75
11468.411336831958	750	9.628587132347134	0.0	405596	6734.505028805437	0.75
11472.900145762933	750	9.139778201369912	0.0	350713	4488.80893097722	0.75
11474.45066930303	300	11.589254661272134	0.0	157671	1550.5235400977783	-0.15000000000000002
11475.779990908839	300	14.25993305546581	0.0	157812	1329.321605806325	0.3
11477.20399752608	300	16.835926438225098	0.0	163927	1424.0066172407132	0.3
11480.131771217017	750	17.9081527472873	0.0	343800	2927.7736909377986	0.3
11483.393262935959	750	18.646661028344603	0.0	359903	3261.491718942696	0.75
11487.194562266226	750	18.845361698076065	0.0	379700	3801.2993302685404	0.75
11492.115531602729	750	17.924392361573723	0.0	425781	4920.969336502341	0.75
11494.296528759654	750	19.743395204647687	0.0	277716	2180.997156926035	0.75
11497.833896464275	750	20.206027500027673	0.0	400396	3537.3677046200155	0.75
11503.029158749983	750	19.010765214320564	0.0	400508	5195.262285707111	0.75
11506.174578437076	750	19.86534552722655	0.0	358218	3145.4196870940123	0.75
11509.361726488534	750	20.67819747576886	0.0	400322	3187.148051457688	0.75
11512.883928620071	750	21.155995344232387	0.0	369834	3522.2021315364755	0.75
11517.470320856482	750	20.56960310782153	0.0	412837	4586.3922364108585	0.75
11520.741245098643	750	21.298678865660687	0.0	401088	3270.924242160839	0.75
11523.727843568875	750	22.312080395429177	0.0	365161	2986.5984702315122	0.75
11526.967298284457	750	23.07262567984708	0.0	321064	3239.4547155820983	0.75
11530.291597296973	750	23.74832666732945	0.0	361565	3324.299012517628	0.75
11534.095894911821	750	23.94402905248179	0.0	378327	3804.297614847664	0.75
11539.63580072918	750	22.404123235123407	0.0	390680	5539.905817358382	0.75
11544.477990341986	750	21.561933622316914	0.0	345516	4842.189612806493	0.75
11548.746242612147	750	21.29368135215424	0.0	384505	4268.252270162672	0.75
11551.913372118512	750	22.126551845789997	0.0	372093	3167.129506364246	0.75
11555.543279938043	750	22.496644026258018	0.0	438281	3629.9078195319776	0.75
11559.383203369205	750	22.656720595095436	0.0	398987	3839.923431162582	0.75
11565.584151142815	1200	20.455772821486445	0.0	638661	6200.947773608995	0.75
11572.984341447253	1850	17.055582517048034	0.0	830730	7400.190304438409	1.2000000000000002
11587.001709012808	2850	7.038214951491942	0.0	1364537	14017.367565556093	1.85

