3618.7421399736177	750	4.0	5.693969597015465	450283	5693.969597015464	-23.734069267166497
3620.5454765687923	300	6.1966634048252285	0.0	155580	1803.336595174772	-0.15000000000000002
3622.034448703924	300	8.707691269693635	0.0	139857	1488.9721351315945	0.3
3623.61795786351	300	11.12418211010765	0.0	155432	1583.509159585983	0.3
3627.736481309489	750	11.005658664128225	0.0	411561	4118.5234459794265	0.3
3631.0035000211	750	11.73863995251774	0.0	318564	3267.0187116104853	0.75
3634.804883832787	750	11.937256140831149	0.0	352642	3801.383811686592	0.75
3638.9209044707663	750	11.821235502851474	0.0	437162	4116.020637979675	0.75
3642.8697992265456	750	11.872340747072048	0.0	374758	3948.894755779425	0.75
3646.6653398417047	750	12.076800131912806	0.0	362795	3795.540615159241	0.75
3650.565957179178	750	12.17618279443977	0.0	353220	3900.6173374730374	0.75
3654.8959799709855	750	11.846160002632345	0.0	405134	4330.022791807425	0.75
3660.475789079226	750	10.266350894391826	0.0	386351	5579.809108240519	0.75
3665.7616785103305	750	8.980461463287268	0.0	434409	5285.889431104556	0.75
3669.6615978477353	750	9.080542125882994	0.0	337059	3899.9193374042757	0.75
3674.5803571572674	750	8.161782816350788	0.0	366214	4918.759309532205	0.75
3680.4686010363143	750	6.273538937303643	0.0	360831	5888.243879047145	0.75
3682.4039595279046	300	8.338180445713391	0.0	150616	1935.3584915902532	-0.15000000000000002
3684.4885869878485	300	10.253552985769424	0.0	165384	2084.6274599439685	0.3
3686.105172038402	300	12.636967935215928	0.0	140881	1616.585050553496	0.3
3687.859534383886	300	14.882605589731753	0.0	157671	1754.362345484175	0.3
3689.7584679204606	300	16.98367205315713	0.0	157812	1898.9335365746222	0.3
3696.029628462204	750	14.712511511413505	0.0	401853	6271.160541743627	0.3
3703.8775244246954	750	10.864615548922359	0.0	343800	7847.895962491146	0.75
3710.229730411389	750	8.512409562228742	0.0	359903	6352.205986693616	0.75
3711.905250980796	300	10.836888992821184	0.0	153938	1675.5205694075587	-0.15000000000000002
3713.857607422875	300	12.884532550742493	0.0	181901	1952.3564420786906	0.3
3715.1491676234673	300	15.592972350149864	0.0	111155	1291.5602005926282	0.3
3716.900088180551	300	17.842051793066435	0.0	153605	1750.9205570834295	0.3
3720.6530758305053	750	18.089064143112125	0.0	400508	3752.987649954308	0.3
3727.6102341972655	1200	15.131905776351946	0.0	570392	6957.158366760179	0.75
3739.5672759283116	1200	7.174864045305671	0.0	620283	11957.041731046276	1.2
3744.242623710464	300	6.499516263153104	0.0	143881	4675.347782152567	-0.6000000000000001
3749.3303816691473	300	5.411758304470088	0.0	163444	5087.757958683016	0.3
3754.1763199520874	300	4.565820021530165	0.0	179328	4845.938282939923	0.3
3757.070430126339	300	5.671709847278425	0.0	159914	2894.1101742517394	0.3
3758.953702027915	300	7.788437945702721	0.0	131610	1883.2719015757052	0.3
3760.812147173806	300	9.929992799811679	0.0	124011	1858.4451458910426	0.3
3763.180991574666	300	11.561148398951998	0.0	144254	2368.84440085968	0.3
3765.413740361626	300	13.328399611992383	0.0	149991	2232.7487869596143	0.3
3767.411495068636	300	15.33064490498185	0.0	147968	1997.7547070105322	0.3
3768.725381536971	300	18.01675843664704	0.0	161857	1313.886468334809	0.3
3769.903409899118	300	20.83873007450022	0.0	145210	1178.0283621468225	0.3
3772.6712813734016	750	22.07085860021631	0.0	438281	2767.8714742839074	0.3
3777.7942377666645	1200	20.947902206953277	0.0	630203	5122.956393263033	0.75
3782.622238237179	1200	20.119901736438937	0.0	638661	4828.000470514338	1.2
3789.558644266789	1850	17.183495706828637	0.0	830730	6936.406029610298	1.2000000000000002
3811.4034801668054	2850	4.0	4.6613401931874145	1364537	21844.835900016053	-18.19376283070588

