17411.143448445517	750	4.0	7.571061952176263	450283	7571.061952176264	-31.805566394357932
17413.123242868678	300	6.020205576839139	0.0	155580	1979.794423160861	-0.15000000000000002
17414.216254849987	300	8.927193595526365	0.0	139857	1093.0119813127735	0.3
17415.14744583604	300	11.996002609478529	0.0	155432	931.1909860478366	0.3
17416.651938658062	300	14.491509787451928	0.0	163442	1504.4928220266	0.3
17419.377454110192	750	15.765994335325201	0.0	318564	2725.5154521267273	0.3
17421.924341865957	750	17.219106579557177	0.0	352642	2546.887755768022	0.75
17425.261584437125	750	17.881864008388586	0.0	437162	3337.2425711685905	0.75
17427.620171018614	750	19.523277426896428	0.0	374758	2358.5865814921617	0.75
17432.178539964574	750	18.964908480938202	0.0	362795	4558.368945958225	0.75
17436.93751078901	750	18.205937656507032	0.0	353220	4758.970824431172	0.75
17446.102169125486	750	13.041279320026854	0.0	405134	9164.658336480177	0.75
17450.33238948404	300	12.811058961473952	0.0	160746	4230.2203585529005	-0.15000000000000002
17453.5179979346	300	13.625450510916133	0.0	179801	3185.6084505578197	0.3
17455.095131324797	300	16.048317120717396	0.0	140051	1577.1333901987373	0.3
17456.141636386037	300	19.001812059477444	0.0	138313	1046.5050612399502	0.3
17457.32934693607	300	21.81410150944336	0.0	143509	1187.7105500340845	0.3
17458.671560363106	300	24.47188808240798	0.0	150616	1342.2134270353802	0.3
17461.66220891958	750	25.481239525934473	0.0	405596	2990.648556473504	0.3
17466.36762696106	1200	24.775821484456	0.0	586839	4705.418041478475	0.75
17471.379034128153	1200	23.764414317364327	0.0	601738	5011.407167091671	1.2
17478.403849659346	1200	20.739598786170916	0.0	616206	7024.815531193412	1.2
17489.305790156275	1200	13.837658289240181	0.0	656471	10901.940496930732	1.2
17494.93639493079	1200	12.20705351472403	0.0	536667	5630.604774516153	1.2
17499.68609095955	1200	11.45735748596469	0.0	587236	4749.696028759338	1.2
17502.29689793849	750	12.846550507023096	0.0	379700	2610.8069789415954	0.3
17505.124402029414	750	14.019046416101025	0.0	425781	2827.50409092207	0.75
17507.533428240044	750	15.610020205470875	0.0	277716	2409.0262106301516	0.75
17512.03983894521	750	15.103609500304568	0.0	400396	4506.410705166307	0.75
17515.092511570834	750	16.050936874681703	0.0	400508	3052.6726256228676	0.75
17521.173963071476	750	13.96948537404	0.0	358218	6081.451500641701	0.75
17525.18471019667	750	13.958738248848247	0.0	400322	4010.747125191752	0.75
17528.25812472915	750	14.885323716367736	0.0	369834	3073.414532480511	0.75
17531.313757679043	750	15.829690766475604	0.0	412837	3055.6329498921336	0.75
17534.36437886479	750	16.779069580726876	0.0	401088	3050.621185748728	0.75
17536.80675191036	750	18.33669653515703	0.0	365161	2442.373045569841	0.75
17541.998795185722	1200	17.144653259795508	0.0	487812	5192.043275361524	0.75
17550.212979359116	1200	12.93046908640132	0.0	575591	8214.184173394187	1.2
17559.851509784472	750	7.291938661045266	0.0	378327	9638.530425356055	0.3
17562.922332424063	300	8.221116021452984	0.0	149991	3070.8226395922807	-0.15000000000000002
17564.97846534351	300	10.164983102008376	0.0	147968	2056.132919444608	0.3
17566.342576444084	300	12.80087200143615	0.0	161857	1364.1111005722248	0.3
17567.499008286242	300	15.644440159276362	0.0	145210	1156.4318421597898	0.3
17569.01825350972	300	18.125194935800202	0.0	172312	1519.2452234761593	0.3
17572.004440400495	750	19.13900804502463	0.0	398987	2986.1868907755706	0.3
17575.192144575874	750	19.951303869645614	0.0	393804	3187.704175379019	0.75
17582.045012983315	1850	17.09843546220698	0.0	830730	6852.868407438633	0.75
17600.827997860393	2850	4.0	1.68454941487412	1364537	18782.9848770811	-5.393562483958716

