2113.5338397001187	750	4.0	3.478694088168143	450283	3478.694088168143	-14.208384579123015
2114.7389668678366	300	6.794872832282032	0.0	155580	1205.1271677179675	-0.15000000000000002
2115.546160005565	300	9.987679694553293	0.0	139857	807.1931377287391	0.3
2117.6232003226814	750	11.910639377436901	0.0	382355	2077.0403171163925	0.3
2120.2562534428234	750	13.277586257294944	0.0	411561	2633.0531201419562	0.75
2123.6379637855866	1200	13.895875914531825	0.0	520315	3381.71034276312	0.75
2128.7616869614963	1200	12.772152738621884	0.0	561791	5123.72317590994	1.2
2139.3440799318855	1200	6.189759768232674	0.0	709534	10582.39297038921	1.2
2141.50682016386	300	8.027019536258065	0.0	150710	2162.7402319746093	-0.6000000000000001
2143.35457267346	300	10.179267026658264	0.0	139105	1847.7525095997996	0.3
2145.7182830222255	300	11.815556677892936	0.0	141840	2363.710348765329	0.3
2149.30605560628	300	12.227784093838178	0.0	156148	3587.772584054758	0.3
2151.829744795409	300	13.704094904708953	0.0	160746	2523.6891891292257	0.3
2154.8976503879962	300	14.63618931212172	0.0	179801	3067.905592587232	0.3
2156.4859827095797	300	17.04785699053856	0.0	140051	1588.3323215831613	0.3
2157.4213755447427	300	20.11246415537565	0.0	138313	935.392835162905	0.3
2158.3591441372514	300	23.17469556286732	0.0	143509	937.7685925083315	0.3
2160.7536121519192	750	24.780227548199207	0.0	372963	2394.4680146681135	0.3
2164.744208409191	750	24.789631290928185	0.0	405596	3990.596257271025	0.75
2172.749200298514	1200	20.78463940160482	0.0	586839	8004.9918893233635	0.75
2178.2134710847645	1200	19.320368615354152	0.0	601738	5464.2707862506695	1.2
2185.1366523630736	1200	16.397187337045434	0.0	616206	6923.18127830872	1.2
2188.328453420454	750	17.20538627966488	0.0	401853	3191.801057380556	0.3
2191.284995497273	750	18.248844202846442	0.0	343800	2956.5420768184395	0.75
2194.2757518731555	750	19.258087826963866	0.0	359903	2990.756375882574	0.75
2199.786344410359	1200	17.747495289760455	0.0	590335	5510.592537203411	0.75
2206.1297312037955	1200	15.40410849632376	0.0	696376	6343.386793436697	1.2
2210.4655908549203	1200	15.068248845198763	0.0	487160	4335.859651124996	1.2
2216.2579011040134	1200	13.275938596105963	0.0	622896	5792.310249092799	1.2
2221.96330054232	1200	11.570539157799052	0.0	641447	5705.39943830691	1.2
2228.2908894331536	1200	9.242950266965805	0.0	570392	6327.588890833247	1.2
2234.740609075572	1200	6.793230624546926	0.0	620283	6449.71964241888	1.2
2238.5622424293615	750	6.971597270757811	0.0	369834	3821.6333537891137	0.3
2243.3170487246607	750	6.2167909754587365	0.0	412837	4754.806295299075	0.75
2247.2679632044465	750	6.265876495673023	0.0	401088	3950.9144797857134	0.75
2250.7073270719793	750	6.826512628140233	0.0	365161	3439.363867532789	0.75
2254.6840494517805	750	6.849790248338912	0.0	321064	3976.7223798013215	0.75
2258.051607532438	750	7.48223216768157	0.0	361565	3367.5580806573416	0.75
2261.2834833643205	750	8.25035633579893	0.0	378327	3231.8758318826403	0.75
2265.7391957281116	750	7.7946439720078695	0.0	390680	4455.71236379106	0.75
2269.6105018302665	750	7.923337869853169	0.0	345516	3871.3061021547005	0.75
2272.4808597236065	750	9.052979976512997	0.0	384505	2870.357893340172	0.75
2275.2418042062486	750	10.292035493870692	0.0	372093	2760.9444826423064	0.75
2278.84388513641	750	10.689954563709984	0.0	438281	3602.0809301607073	0.75
2283.3537531715515	750	10.180086528568216	0.0	398987	4509.868035141767	0.75
2290.5090353276332	1200	7.024804372486211	0.0	638661	7155.282156082005	0.75
2295.1512190398603	1200	6.382620660259511	0.0	538612	4642.1837122267	1.2
2298.7038364618375	1200	6.830003238282275	0.0	550906	3552.617421977236	1.2

