25541.168263820113	750	4.0	1.8710689380755445	450283	1871.0689380755446	-7.295596433724841
25543.450641353204	1200	5.717622466907082	0.0	611087	2282.3775330929175	0.75
25545.01736613748	1200	8.150897682631955	0.0	571051	1566.724784275127	1.2
25546.694079986744	1200	10.474183833366252	0.0	617681	1676.7138492657034	1.2
25548.40985845825	1200	12.758405361858378	0.0	652874	1715.7784715078733	1.2
25549.957404417553	1200	15.210859402556208	0.0	520315	1547.545959302169	1.2
25551.774736358668	1200	17.39352746144029	0.0	561791	1817.33194111592	1.2
25556.91853805602	1850	16.249725764087973	0.0	1060487	5143.8016973523145	1.2000000000000002
25559.490138487366	1850	17.678125332742724	0.0	852833	2571.60043134525	1.85
25562.230591419597	1850	18.93767240051227	0.0	913888	2740.4529322304525	1.85
25564.707697652007	1850	20.460566168100012	0.0	939819	2477.106232412256	1.85
25567.886135693996	1850	21.282128126110504	0.0	917428	3178.4380419895087	1.85
25571.090189718772	1850	22.07807410133654	0.0	946851	3204.0540247739614	1.85
25575.44607407182	2850	21.722189748288617	0.0	1578343	4355.8843530479235	1.85
25582.29135485062	4300	18.876908969490703	0.0	2005399	6845.280778797915	2.8499999999999996
25591.101516488343	4300	14.066747331765455	0.0	2152483	8810.161637725247	4.3
25597.2653242646	2850	11.902939555506258	0.0	1491626	6163.8077762591965	1.4000000000000001
25608.185080764815	2850	4.983183055292675	0.0	1358801	10919.756500213583	2.85
25609.853425671765	750	7.314838148345666	0.0	405596	1668.344906947009	-1.35
25614.47873362353	750	6.689530196578142	0.0	350713	4625.307951767524	0.75
25617.28516653023	300	7.8830972898815554	0.0	157671	2806.4329066965865	-0.15000000000000002
25619.15588473626	300	10.012379083847758	0.0	157812	1870.7182060337984	0.3
25620.50549473103	300	12.662769089077809	0.0	163927	1349.6099947699493	0.3
25621.697000000408	300	15.471263819704365	0.0	137654	1191.5052693734435	0.3
25622.9923541608	300	18.1759096593095	0.0	146754	1295.354160394861	0.3
25625.966661505125	750	19.20160231498642	0.0	379700	2974.3073443230815	0.3
25632.30121754052	1200	16.867046279590316	0.0	696376	6334.556035396106	0.75
25636.395308792617	1200	16.772955027495104	0.0	487160	4094.091252095214	1.2
25642.284942836937	1200	14.883320983176953	0.0	622896	5889.634044318152	1.2
25648.349612082948	1200	12.818651737166558	0.0	641447	6064.669246010396	1.2
25655.17056964041	1200	9.997694179702773	0.0	570392	6820.9575574637865	1.2
25658.658663745726	750	10.509600074383387	0.0	400322	3488.0941053193856	0.3
25661.496677967196	750	11.671585852914719	0.0	369834	2838.014221468667	0.75
25664.750700259407	750	12.417563560701586	0.0	412837	3254.0222922131334	0.75
25667.884353078156	750	13.283910741952248	0.0	401088	3133.6528187493377	0.75
25670.863653578806	750	14.304610241303031	0.0	365161	2979.300500649217	0.75
25674.960580916548	1200	14.207682903564622	0.0	487812	4096.92733773841	0.75
25679.432753843765	1200	13.735509976344776	0.0	575591	4472.172927219847	1.2
25684.28534279991	1200	12.882921020201469	0.0	605884	4852.588956143308	1.2
25689.139136906837	1200	12.029126913272842	0.0	587506	4853.794106928627	1.2
25695.12763676841	1200	10.040627051696422	0.0	566904	5988.499861576419	1.2
25700.819434442474	1200	8.348829377631994	0.0	641452	5691.797674064428	1.2
25704.400009911136	1200	8.768253908973813	0.0	599477	3580.5754686581804	1.2
25709.062352999164	1200	8.105910820942814	0.0	634861	4662.343088030999	1.2
25711.99080989008	750	9.177453930026902	0.0	398987	2928.456890915913	0.3
25717.139566400194	1200	8.028697419915732	0.0	638661	5148.7565101111695	0.75
25721.206392771735	1200	7.961871048372468	0.0	538612	4066.826371543263	1.2
25728.37374975681	1850	4.794514063298484	0.0	846370	7167.356985073984	1.2000000000000002

