24985.327253188505	750	4.0	7.862962959107444	450283	7862.962959107444	-33.06074072416201
24986.892582307362	300	6.434670881144126	0.0	155580	1565.3291188558746	-0.15000000000000002
24988.295356322593	300	9.03189686591194	0.0	139857	1402.7740152321862	0.3
24990.18195580511	300	11.1452973833924	0.0	155432	1886.5994825195382	0.3
24991.64893114218	300	13.678322046325858	0.0	163442	1466.9753370665421	0.3
24992.557304828373	300	16.76994836013036	0.0	126289	908.373686195497	0.3
24998.84313838367	750	14.484114804833707	0.0	352642	6285.833555296655	0.3
25003.227019684502	750	14.100233504002437	0.0	437162	4383.881300831269	0.75
25006.26710425523	750	15.06014893327463	0.0	374758	3040.084570727806	0.75
25010.473473055747	750	14.853780132757493	0.0	362795	4206.36880051714	0.75
25014.614893473266	750	14.712359715237966	0.0	353220	4141.4204175195255	0.75
25016.563849328882	300	16.76340385962204	0.0	156148	1948.9558556159263	-0.15000000000000002
25018.677687512285	750	18.64956567621858	0.0	386351	2113.8381834034635	0.3
25021.338837914922	750	19.98841527358219	0.0	434409	2661.1504026363887	0.75
25024.027791683046	750	21.29946150545974	0.0	337059	2688.953768122454	0.75
25026.553382332833	750	22.77387085567253	0.0	366214	2525.590649787205	0.75
25031.115473741513	1200	22.21177944699045	0.0	617242	4562.09140868208	0.75
25033.80393936226	1200	23.52331382624322	0.0	581493	2688.4656207472303	1.2
25036.460774363608	1200	24.86647882489795	0.0	639204	2656.835001345274	1.2
25040.39677784221	1850	24.930475346296912	0.0	923755	3936.0034786010356	1.2000000000000002
25044.049439293867	1850	25.27781389463647	0.0	891604	3652.661451660442	1.85
25048.76762989164	1850	24.5596232968638	0.0	955231	4718.190597772673	1.85
25054.415051978773	1850	22.912201209731396	0.0	968026	5647.422087132402	1.85
25059.37979635004	1850	21.94745683846705	0.0	874175	4964.7443712643435	1.85
25070.92439518806	1850	14.402858000447285	0.0	897976	11544.598838019769	1.85
25076.832216508345	750	12.495036680164539	0.0	379700	5907.821320282744	-0.3500000000000001
25081.650867011307	750	11.676386177200383	0.0	425781	4818.650502964155	0.75
25083.883034183713	750	13.444219004794427	0.0	277716	2232.167172405958	0.75
25086.227216733892	750	15.10003645461785	0.0	400396	2344.182550176575	0.75
25087.916486890197	750	17.410766298311536	0.0	400508	1689.2701563063124	0.75
25089.28781699979	750	20.039436188717822	0.0	358218	1371.3301095937122	0.75
25092.42954078223	1200	20.8977124062786	0.0	620283	3141.723782439226	0.75
25095.710436437363	1200	21.616816751146363	0.0	584349	3280.8956551322353	1.2
25104.48947018489	1850	16.83778300361908	0.0	1035329	8779.033747527283	1.2000000000000002
25111.349549116218	1850	13.977704072291846	0.0	1026056	6860.078931327233	1.85
25116.47835782318	1200	12.848895365328872	0.0	598727	5128.808706962975	0.5499999999999999
25119.980077711578	1200	13.347175476928248	0.0	487812	3501.7198884006225	1.2
25124.4453860706	1200	12.881867117903683	0.0	575591	4465.308359024566	1.2
25128.65973078666	1200	12.667522401842145	0.0	605884	4214.344716061538	1.2
25134.242198154963	1200	11.085055033542984	0.0	587506	5582.4673682991615	1.2
25139.452260809183	1200	9.874992379324825	0.0	566904	5210.062654218158	1.2
25142.628320734817	1200	10.698932453689991	0.0	641452	3176.0599256348346	1.2
25145.48376233988	1200	11.843490848625013	0.0	599477	2855.441605064978	1.2
25148.549300146537	1200	12.77795304197235	0.0	634861	3065.5378066526646	1.2
25158.724508678402	1200	6.602744510103832	0.0	630203	10175.208531868517	1.2
25165.91181136117	750	4.0	0.5845581726628052	393804	7187.302682766637	-2.2136001424500624
25166.90471318098	300	7.007098180191528	0.0	137507	992.9018198084715	-0.15000000000000002
25168.861632165233	750	9.050179195936606	0.0	314107	1956.9189842549235	0.3

