14224.201772369233	750	4.0	1.8471370276969283	450283	1847.1370276969283	-7.192689219096792
14226.14098275937	750	6.060789609862291	0.0	398865	1939.2103901377081	0.75
14227.879628581784	750	8.322143787449836	0.0	350812	1738.6458224124558	0.75
14229.539502347821	750	10.662270021413521	0.0	382355	1659.8737660363154	0.75
14231.35217321447	750	12.849599154763846	0.0	411561	1812.670866649674	0.75
14235.097085120864	1850	13.104687248369931	0.0	801058	3744.9119063939147	0.75
14238.353124418529	1850	13.84864795070601	0.0	905515	3256.039297663922	1.85
14242.523267568622	1850	13.678504800612691	0.0	1060487	4170.1431500933195	1.85
14246.165659912724	1850	14.036112456509699	0.0	852833	3642.3923441029924	1.85
14250.667417407827	1850	13.534354961406741	0.0	913888	4501.757495102956	1.85
14254.817177771321	1850	13.384594597914198	0.0	939819	4149.760363492544	1.85
14258.461516722036	1850	13.740255647197921	0.0	917428	3644.338950716278	1.85
14262.390348238378	1850	13.811424130856805	0.0	946851	3928.831516341115	1.85
14265.73660204823	1850	14.465170321004658	0.0	1036454	3346.253809852147	1.85
14269.18271543224	1850	15.019056936994117	0.0	821631	3446.113384010541	1.85
14272.450483466546	1850	15.75128890268915	0.0	923170	3267.768034304968	1.85
14276.10891023364	1850	16.09286213559539	0.0	966699	3658.4267670937606	1.85
14279.251786614597	1850	16.9499857546383	0.0	885714	3142.87638095709	1.85
14285.816359123726	2850	14.385413245508904	0.0	1537156	6564.572509129395	1.85
14292.302838410744	2850	11.898933958489083	0.0	1336050	6486.47928701982	2.85
14298.649791130652	2850	9.551981238580105	0.0	1415116	6346.952719908978	2.85
14303.074434085498	1850	9.127338283735385	0.0	955231	4424.64295484472	0.8500000000000001
14307.135590252203	1850	9.066182117030618	0.0	968026	4061.1561667047677	1.85
14311.221043323472	1850	8.980729045759682	0.0	874175	4085.453071270935	1.85
14315.112364602915	1850	9.089407766315658	0.0	897976	3891.3212794440265	1.85
14319.860019828026	1850	8.341752541205759	0.0	905935	4747.655225109897	1.85
14326.882727990444	1850	5.319044378787884	0.0	1076599	7022.7081624178745	1.85
14331.672038922477	1200	4.529733446753376	0.0	487160	4789.310932034508	0.5499999999999999
14333.826651309775	300	6.3751210594558065	0.0	153605	2154.6123872975686	-0.6000000000000001
14336.260700029621	300	7.941072339610596	0.0	149029	2434.048719845211	0.3
14340.117437908386	300	8.08433446084407	0.0	157421	3856.7378787665252	0.3
14343.601108141735	300	8.600664227496045	0.0	157488	3483.670233348026	0.3
14344.982231841512	300	11.219540527719301	0.0	143881	1381.1236997767421	0.3
14346.518964239107	300	13.682808130123727	0.0	163444	1536.7323975955755	0.3
14347.966189116372	300	16.23558325285963	0.0	179328	1447.2248772640987	0.3
14349.212441388298	300	18.989330980934444	0.0	159914	1246.2522719251856	0.3
14351.843622637778	750	20.358149731453647	0.0	321064	2631.181249480794	0.3
14356.148148577493	750	20.053623791738996	0.0	361565	4304.525939714653	0.75
14360.517379416904	750	19.68439295232759	0.0	378327	4369.230839411407	0.75
14364.06308470024	750	20.13868766899176	0.0	390680	3545.7052833358293	0.75
14366.390766745739	750	21.811005623492136	0.0	345516	2327.6820454996237	0.75
14369.384104426706	750	22.81766794252478	0.0	384505	2993.337680967359	0.75
14372.438668438943	750	23.763103930287805	0.0	372093	3054.5640122369723	0.75
14375.545280451366	750	24.656491917863793	0.0	438281	3106.6120124240106	0.75
14382.12768911946	1850	22.07408324977026	0.0	958994	6582.4086680935325	0.75
14391.047092959398	1850	17.15467940983256	0.0	982064	8919.403839937702	1.85
14401.261035902013	1850	10.940736467218535	0.0	830730	10213.942942614023	1.85
14409.851335761032	1850	6.350436608199618	0.0	846370	8590.299859018918	1.85

