10471.971843422514	750	4.0	6.819045761582508	450283	6819.045761582508	-28.571896774804785
10473.918819089628	300	6.053024332886424	0.0	155580	1946.975667113577	-0.15000000000000002
10475.453936293934	300	8.517907128580475	0.0	139857	1535.1172043059482	0.3
10477.131898037778	300	10.83994538473521	0.0	155432	1677.9617438452651	0.3
10479.004229687058	300	12.967613735456158	0.0	163442	1872.3316492790518	0.3
10480.076536350614	300	15.895307071900806	0.0	126289	1072.3066635553523	0.3
10482.569529462548	750	17.40231395996645	0.0	352642	2492.9931119343564	0.3
10484.56784353972	750	19.403999882794817	0.0	437162	1998.3140771716319	0.75
10486.02708866007	750	21.944754762445132	0.0	374758	1459.2451203496876	0.75
10487.802305254467	750	24.169538168048717	0.0	362795	1775.2165943964137	0.75
10490.878581689562	1200	25.093261732955682	0.0	607410	3076.276435093039	0.75
10494.948516947834	1850	25.023326474682808	0.0	917428	4069.935258272875	1.2000000000000002
10498.558042787225	1850	25.413800635292358	0.0	946851	3609.5258393904487	1.85
10505.396732739186	2850	22.57511068332973	0.0	1578343	6838.6899519626295	1.85
10510.519112110922	2850	21.452731311593023	0.0	1231445	5122.37937173671	2.85
10526.95035677915	2850	9.021486643364515	0.0	1471065	16431.244668228508	2.85
10530.938948671375	750	9.032894751140772	0.0	360831	3988.5918922237433	-1.35
10533.6598143661	750	10.31202905641562	0.0	372963	2720.86569472515	0.75
10537.242215160055	750	10.729628262461134	0.0	405596	3582.4007939544867	0.75
10542.708859149967	750	9.262984272548932	0.0	350713	5466.6439899122015	0.75
10544.536633445387	300	11.435209977129956	0.0	157671	1827.7742954189762	-0.15000000000000002
10546.11668824015	300	13.855155182365863	0.0	157812	1580.0547947640928	0.3
10548.183518126472	300	15.788325296042219	0.0	163927	2066.829886323645	0.3
10549.345124453746	300	18.626718968768678	0.0	137654	1161.606327273543	0.3
10550.483672995675	300	21.488170426838295	0.0	146754	1138.5485419303816	0.3
10552.916873373291	750	23.054970049223833	0.0	379700	2433.200377614464	0.3
10555.65118480592	1200	24.320658616594457	0.0	696376	2734.3114326293776	0.75
10558.203416998722	1200	25.768426423793326	0.0	487160	2552.2321928011315	1.2
10561.132072244332	1200	26.83977117818184	0.0	622896	2928.6552456114828	1.2
10565.212126779683	1850	26.759716642831915	0.0	975811	4080.0545353499265	1.2000000000000002
10568.690859801238	1850	27.28098362127619	0.0	873429	3478.7330215557286	1.85
10572.81067555887	1850	27.16116786364448	0.0	954453	4119.815757631712	1.85
10578.657642601689	2850	25.314200820825906	0.0	1358081	5846.967042818572	1.85
10593.163575066064	2850	14.808268356452349	0.0	1587293	14505.932464373558	2.85
10603.365164024688	1850	8.606679397827612	0.0	1026056	10201.588958624736	0.8500000000000001
10607.13293032962	750	8.83891309289516	0.0	365161	3767.7663049324533	-0.3500000000000001
10612.064394417277	750	7.907449005239073	0.0	321064	4931.464087656087	0.75
10615.954955914745	750	8.016887507771127	0.0	361565	3890.5614974679456	0.75
10617.690014216438	300	10.281829206077461	0.0	144254	1735.058301693667	-0.15000000000000002
10618.948557626976	300	13.023285795540273	0.0	149991	1258.5434105371876	0.3
10620.06372799165	300	15.908115430865417	0.0	147968	1115.1703646748551	0.3
10621.234095391626	300	18.737748030889176	0.0	161857	1170.3673999762418	0.3
10623.117683283193	750	20.854160139322563	0.0	372093	1883.5878915666137	0.3
10624.793239875846	750	23.17860354666939	0.0	438281	1675.5565926531708	0.75
10629.498792132117	1850	22.47305129039886	0.0	958994	4705.552256270529	0.75
10635.683671605299	2850	20.28817181721783	0.0	1483527	6184.879473181031	1.85
10640.796025060794	2850	19.175818361722985	0.0	1231456	5112.353455494846	2.85
10646.626829167571	2850	17.345014254944545	0.0	1364537	5830.804106778439	2.85

