18544.955846894034	750	4.0	2.855960794164828	450283	2855.9607941648283	-11.530631414908761
18545.764858878236	300	7.1909880157968455	0.0	155580	809.011984203154	-0.15000000000000002
18546.937592780265	750	10.018254113766275	0.0	350812	1172.7339020305694	0.3
18548.56508132281	750	12.390765571223195	0.0	382355	1627.4885425430798	0.75
18551.985145766615	1200	12.970701127414088	0.0	652874	3420.064443809108	0.75
18555.18569617407	1200	13.770150719960776	0.0	520315	3200.5504074533105	1.2
18558.704432255552	1200	14.251414638480105	0.0	561791	3518.7360814806725	1.2
18562.216958209356	1200	14.738888684676724	0.0	709534	3512.52595380338	1.2
18564.36836580208	1200	16.587481091949897	0.0	584846	2151.4075927268273	1.2
18568.17573440954	1850	16.780112484492808	0.0	913888	3807.368607457086	1.2000000000000002
18571.278744129497	1850	17.677102764534254	0.0	939819	3103.009719958552	1.85
18574.991676961097	1850	17.96416993293416	0.0	917428	3712.9328316000983	1.85
18579.390775896154	1850	17.56507099787935	0.0	946851	4399.098935054809	1.85
18585.35590570865	1850	15.59994118538621	0.0	1036454	5965.129812493138	1.85
18589.39864947921	1850	15.557197414824001	0.0	821631	4042.743770562211	1.85
18594.67711998168	1850	14.278726912353585	0.0	923170	5278.470502470414	1.85
18601.68676137181	1850	11.269085522225247	0.0	966699	7009.641390128339	1.85
18605.406554917303	1200	11.549291976734608	0.0	581493	3719.7935454906387	0.5499999999999999
18609.52657429799	1200	11.429272596045456	0.0	639204	4120.019380689152	1.2
18612.53602324707	1200	12.41982364696728	0.0	586839	3009.4489490781743	1.2
18617.478269308383	1200	11.47757758565481	0.0	601738	4942.246061312472	1.2
18622.71087642339	1200	10.244970470649564	0.0	616206	5232.607115005246	1.2
18628.314765398936	1200	8.641081495104006	0.0	656471	5603.888975545561	1.2
18633.45525535116	1200	7.50059154288016	0.0	536667	5140.489952223845	1.2
18639.353891804025	1200	5.601955090016603	0.0	587236	5898.636452863557	1.2
18643.501484867928	750	5.454362026114843	0.0	379700	4147.59306390176	0.3
18647.153558917176	750	5.802287976864318	0.0	425781	3652.074049250525	0.75
18649.319268744763	750	7.636578149277168	0.0	277716	2165.709827587151	0.75
18651.688596766628	750	9.267250127411485	0.0	400396	2369.3280218656846	0.75
18653.848182184734	750	11.10766470930494	0.0	400508	2159.5854181065447	0.75
18658.75267814831	750	10.203168745727933	0.0	358218	4904.495963577007	0.75
18665.472564571373	750	7.483282322663713	0.0	400322	6719.88642306422	0.75
18666.465293584628	300	10.49055330940929	0.0	143881	992.7290132544224	-0.15000000000000002
18667.55572269486	300	13.40012419917788	0.0	163444	1090.429110231411	0.3
18668.73815654791	300	16.217690346124815	0.0	179328	1182.433853053062	0.3
18669.667524252847	300	19.28832264118764	0.0	159914	929.3677049371753	0.3
18671.427865573565	750	21.52798132046691	0.0	321064	1760.341320720729	0.3
18673.387561889267	750	23.568285004765748	0.0	361565	1959.696315701164	0.75
18676.35489946226	1200	24.60094743177552	0.0	605884	2967.337572990229	0.75
18679.69042719246	1850	25.265419701574505	0.0	930577	3335.527730201013	1.2000000000000002
18682.631458239688	1850	26.324388654346937	0.0	858450	2941.031047227566	1.85
18686.153680941108	1850	26.802165952929396	0.0	1025005	3522.222701417539	1.85
18690.198501934257	2850	26.75734495978002	0.0	1343002	4044.8209931493757	1.85
18694.23809577009	2850	26.717751123944964	0.0	1587250	4039.593835835057	2.85
18701.524276936732	4300	23.431569957303747	0.0	2124950	7286.181166641219	2.8499999999999996
18711.24659301755	4300	17.709253876489253	0.0	2246506	9722.316080814491	4.3
18722.08149727521	4300	10.87434961883016	0.0	1961140	10834.904257659093	4.3
18733.068189618865	4300	4.0	0.11234272482792766	2155012	10986.692343658087	3.816926283239911

