11588.913757061031	750	4.0	1.9120480482224669	450283	1912.0480482224668	-7.471806607356607
11591.654826715041	1200	5.258930345989344	0.0	611087	2741.0696540106555	0.75
11596.622259200087	1200	4.291497860943664	0.0	571051	4967.432485045681	1.2
11599.609615289704	300	5.304141771325032	0.0	155432	2987.3560896186314	-0.6000000000000001
11602.831982091915	300	6.081774969114155	0.0	163442	3222.366802210877	0.3
11603.878293057116	300	9.035464003913475	0.0	126289	1046.31096520068	0.3
11605.12942409969	300	11.784332961337427	0.0	153295	1251.1310425760494	0.3
11606.39285756622	300	14.520899494810568	0.0	173849	1263.4334665268575	0.3
11607.58835177316	300	17.3254052878705	0.0	150710	1195.4942069400686	0.3
11608.937351045819	300	19.976406015210497	0.0	139105	1348.999272660003	0.3
11614.13129854947	1200	18.782458511560527	0.0	607410	5193.947503649971	0.29999999999999993
11617.649551571001	1200	19.264205490029394	0.0	594078	3518.2530215311326	1.2
11620.671860968076	1200	20.24189609295369	0.0	624282	3022.3093970757054	1.2
11624.11517554887	1200	20.798581512159583	0.0	687371	3443.314580794106	1.2
11626.902648159485	1200	22.011108901543867	0.0	526950	2787.472610615719	1.2
11632.089597805472	1200	20.824159255557444	0.0	587876	5186.949645986425	1.2
11637.957376658793	1200	18.95638040223563	0.0	617242	5867.778853321813	1.2
11649.234343847571	1200	11.679413213457591	0.0	581493	11276.967188778039	1.2
11656.524612319356	750	8.389144741671805	0.0	405596	7290.2684717857865	0.3
11658.174310311448	300	10.739446749579454	0.0	140881	1649.6979920923511	-0.15000000000000002
11659.626034390023	300	13.287722671004174	0.0	157671	1451.7240785752795	0.3
11660.835934953682	300	16.077822107345536	0.0	157812	1209.9005636586394	0.3
11661.849948389992	300	19.0638086710362	0.0	163927	1014.0134363093339	0.3
11662.801082266637	300	22.112674794391296	0.0	137654	951.1338766449037	0.3
11666.07033055373	750	22.843426507299313	0.0	359903	3269.248287091985	0.3
11673.469301957222	1200	19.444455103806664	0.0	590335	7398.971403492646	0.75
11681.466954130505	1200	15.446802930523647	0.0	696376	7997.652173283017	1.2
11683.513268940358	750	17.400488120669607	0.0	277716	2046.3148098540387	0.3
11685.937239733303	750	18.976517327723894	0.0	400396	2423.970792945714	0.75
11687.574571149018	750	21.339185912009583	0.0	400508	1637.3314157143088	0.75
11689.171334085493	750	23.742422975534513	0.0	358218	1596.7629364750724	0.75
11691.373725630001	750	25.540031431025795	0.0	400322	2202.3915445087155	0.75
11695.472942883658	1850	25.44081417736868	0.0	885062	4099.217253657114	0.75
11699.623513605602	1850	25.29024345542352	0.0	1035329	4150.570721945157	1.85
11703.884530990901	1850	25.02922607012574	0.0	1026056	4261.017385297784	1.85
11708.017941868971	1850	24.89581519205468	0.0	943942	4133.410878071059	1.85
11712.75605418052	2850	24.15770288050675	0.0	1139291	4738.112311547932	1.85
11729.491851551378	2850	11.421905509648342	0.0	1499009	16735.797370858407	2.85
11735.234603309145	1200	9.679153751881897	0.0	605884	5742.751757766446	-0.44999999999999996
11737.359469025501	750	11.554288035525975	0.0	390680	2124.865716355922	0.3
11739.166717689579	750	13.747039371449082	0.0	345516	1807.2486640768939	0.75
11741.422422655065	750	15.491334405964098	0.0	384505	2255.7049654849834	0.75
11742.254366796591	300	18.65939026443765	0.0	145210	831.9441415264464	-0.15000000000000002
11744.600856436951	750	20.312900624077614	0.0	438281	2346.489640360035	0.3
11749.331073184272	1850	19.582683876757134	0.0	958994	4730.216747320479	0.75
11757.069321637864	2850	15.844435423166047	0.0	1483527	7738.248453591089	1.85
11763.780236485074	2850	13.13352057595651	0.0	1231456	6710.914847209538	2.85
11771.63718482828	2850	9.276572232750206	0.0	1364537	7856.948343206304	2.85

