12711.874851542305	750	4.0	2.1451274043719923	450283	2145.1274043719923	-8.474047838799567
12712.44143073264	300	7.433420809663336	0.0	155580	566.5791903366634	-0.15000000000000002
12713.152136721392	300	10.722714820913879	0.0	139857	710.7059887494568	0.3
12718.197407202986	750	9.677444339317729	0.0	382355	5045.27048159615	0.3
12723.339935989203	750	8.5349155531018	0.0	411561	5142.528786215928	0.75
12725.96497756002	750	9.909873982286161	0.0	318564	2625.041570815639	0.75
12727.327831581613	300	12.547019960691317	0.0	153295	1362.8540215948426	-0.15000000000000002
12728.678708487429	300	15.196143054876222	0.0	173849	1350.8769058150956	0.3
12729.916135384428	300	17.95871615787499	0.0	150710	1237.4268970012342	0.3
12733.495196747514	750	18.37965479479159	0.0	362795	3579.0613630833964	0.3
12738.55675681428	1200	17.318094728024896	0.0	607410	5061.560066766693	0.75
12743.6245399839	1200	16.250311558404427	0.0	594078	5067.783169620468	1.2
12749.530952828458	1200	14.34389871384673	0.0	624282	5906.412844557698	1.2
12757.821568951309	1200	10.053282590995028	0.0	687371	8290.616122851703	1.2
12760.863339331487	750	11.011512210816827	0.0	337059	3041.7703801782013	0.3
12763.938029291452	750	11.936822250851703	0.0	366214	3074.6899599651233	0.75
12766.592100427522	750	13.28275111478217	0.0	360831	2654.071136069531	0.75
12769.587542556812	750	14.287308985493404	0.0	372963	2995.442129288767	0.75
12772.795431023396	750	15.079420518908236	0.0	405596	3207.8884665851674	0.75
12777.44658122152	1200	14.42827032078414	0.0	586839	4651.150198124096	0.75
12782.329085752637	1200	13.545765789666591	0.0	601738	4882.504531117548	1.2
12787.272705717261	1200	12.602145825042161	0.0	616206	4943.619964624431	1.2
12792.58540187824	1200	11.289449664065286	0.0	656471	5312.696160976875	1.2
12798.28089972843	1200	9.593951813873797	0.0	536667	5695.497850191488	1.2
12803.750430626154	1200	8.124420916150417	0.0	587236	5469.53089772338	1.2
12806.071551722556	750	9.803299819748649	0.0	379700	2321.1210964017687	0.3
12809.113614527283	750	10.761237015021186	0.0	425781	3042.062804727463	0.75
12811.253681057025	750	12.62117048528022	0.0	277716	2140.0665297409655	0.75
12814.187517344928	750	13.687334197376899	0.0	400396	2933.8362879033234	0.75
12817.181923153476	750	14.692928388829902	0.0	400508	2994.4058085469974	0.75
12821.753492260765	1200	14.121359281539435	0.0	570392	4571.5691072904665	0.75
12826.737549852927	1200	13.137301689377061	0.0	620283	4984.057592162374	1.2
12831.626429412834	1200	12.248422129470505	0.0	584349	4888.879559906557	1.2
12838.901992640058	1200	8.972858902247102	0.0	670129	7275.5632272234025	1.2
12847.248653886067	1200	4.626197656238859	0.0	690253	8346.661246008243	1.2
12850.987142069447	750	4.887709472857316	0.0	365161	3738.488183381544	0.3
12852.194617203286	300	7.680234339019328	0.0	131610	1207.4751338379883	-0.15000000000000002
12853.60999681187	300	10.264854730434834	0.0	124011	1415.379608584493	0.3
12855.05893082886	300	12.815920713446037	0.0	144254	1448.9340169887964	0.3
12856.741431552216	300	15.13341999008966	0.0	149991	1682.5007233563783	0.3
12860.832516592245	750	15.042334950059624	0.0	345516	4091.0850400300355	0.3
12866.094985784428	750	13.779865757877497	0.0	384505	5262.469192182129	0.75
12871.101082031495	750	12.77376951081027	0.0	372093	5006.096247067227	0.75
12882.14383133345	750	5.7310202088562345	0.0	438281	11042.749301954036	0.75
12888.518464303137	300	4.0	0.6436127608326114	167025	6374.632969688846	-2.917534871580229
12894.476860830393	300	4.0	1.9583965272555333	160064	5958.396527255533	-8.121105067198792
12899.234013306575	300	4.0	0.757152476182423	137507	4757.152476182423	-2.955755647584419
12902.363144039911	300	4.870869266662188	0.0	118421	3129.1307333378118	0.3

