14788.318523650583	750	4.0	4.316718207694552	450283	4316.718207694552	-17.81188829308657
14789.113931678989	300	7.204591971595131	0.0	155580	795.4080284048688	-0.15000000000000002
14790.126672565233	300	10.191851085350168	0.0	139857	1012.740886244963	0.3
14791.061352655544	300	13.257170995038038	0.0	155432	934.6800903121318	0.3
14793.813721549863	750	14.504802100720099	0.0	411561	2752.368894317938	0.3
14796.392656939237	750	15.925866711346083	0.0	318564	2578.9353893740163	0.75
14801.544253093318	1200	14.774270557265632	0.0	561791	5151.596154080451	0.75
14810.600903987028	1200	9.717619663555515	0.0	709534	9056.650893710117	1.2
14818.85328787907	1200	5.465235771512438	0.0	584846	8252.383892043077	1.2
14820.332617699856	300	7.9859059507262415	0.0	139105	1479.329820786196	-0.6000000000000001
14821.730005947402	300	10.588517703179749	0.0	141840	1397.3882475464934	0.3
14823.312666230635	300	13.005857419946237	0.0	156148	1582.6602832335118	0.3
14824.930306583543	300	15.38821706703999	0.0	160746	1617.6403529062472	0.3
14826.689759116312	300	17.62876453426919	0.0	179801	1759.452532770798	0.3
14829.816940595374	750	18.501583055208265	0.0	337059	3127.181479060924	0.3
14835.411803928993	1200	16.906719721588964	0.0	587876	5594.863333619301	0.75
14844.566096029468	1200	11.752427621113815	0.0	617242	9154.29210047515	1.2
14848.896185256048	750	11.422338394533938	0.0	372963	4330.0892265798775	0.3
14855.271993308103	750	9.04653034247771	0.0	405596	6375.808052056227	0.75
14860.56571024267	750	7.7528134079106295	0.0	350713	5293.716934567081	0.75
14864.066556904274	300	8.25196674630802	0.0	157671	3500.84666160261	-0.15000000000000002
14865.933091137884	300	10.385432512697662	0.0	157812	1866.5342336103565	0.3
14867.917979022668	300	12.400544627912778	0.0	163927	1984.887884784885	0.3
14869.666573577468	300	14.651950073114733	0.0	137654	1748.5945547980446	0.3
14871.389464613469	300	16.929059037112797	0.0	146754	1722.8910360019358	0.3
14872.957755154777	300	19.360768495805445	0.0	153938	1568.2905413073554	0.3
14878.92598776872	750	17.392535881862297	0.0	425781	5968.232613943147	0.3
14881.39105484892	750	18.927468801662886	0.0	277716	2465.067080199415	0.75
14884.72792732505	750	19.59059632553468	0.0	400396	3336.8724761282074	0.75
14887.694115421315	750	20.624408229270827	0.0	400508	2966.188096263855	0.75
14891.58192561505	750	20.73659803553456	0.0	358218	3887.8101937362644	0.75
14894.231186205914	750	22.08733744467095	0.0	400322	2649.260590863612	0.75
14897.080779635124	750	23.237744015462177	0.0	369834	2849.5934292087722	0.75
14900.454819555678	750	23.863704094909465	0.0	412837	3374.03992055271	0.75
14903.000931892037	750	25.317591758550194	0.0	401088	2546.112336359274	0.75
14906.865343823662	1200	25.453179826925158	0.0	598727	3864.411931625033	0.75
14909.696749991344	1200	26.621773659243114	0.0	487812	2831.4061676820465	1.2
14915.851346460104	1850	24.467177190484065	0.0	938587	6154.59646875905	1.2000000000000002
14921.089566386032	1850	23.22895726455555	0.0	908665	5238.219925928515	1.85
14925.89223257689	1850	22.426291073698554	0.0	930577	4802.666190856996	1.85
14930.38531309745	1850	21.93321055313996	0.0	858450	4493.080520558594	1.85
14935.336012907372	1850	20.982510743218782	0.0	1025005	4950.699809921177	1.85
14939.325580037887	1850	20.99294361270312	0.0	886255	3989.567130515664	1.85
14944.833611331662	1850	19.484912318926575	0.0	973972	5508.031293776547	1.85
14958.341488592001	2850	9.977035058588129	0.0	1464921	13507.877260338444	1.85
14961.958705885841	1200	10.359817764747415	0.0	638661	3617.2172938407143	-0.44999999999999996
14964.79170360171	1200	11.52682004887748	0.0	538612	2832.9977158699353	1.2
14971.16993977265	2850	9.14858387793654	0.0	1364537	6378.236170940941	1.2000000000000002

