22716.917308806253	750	4.0	3.3429362672757508	450283	3342.9362672757507	-13.624625949285727
22718.10543046337	300	6.811878342882704	0.0	155580	1188.1216571172963	-0.15000000000000002
22720.885305945092	750	8.032002861160601	0.0	350812	2779.8754817221034	0.3
22723.62031302054	750	9.296995785711339	0.0	382355	2735.0070754492613	0.75
22726.854323993462	750	10.062984812786814	0.0	411561	3234.010972924525	0.75
22728.94502557194	750	11.972283234312686	0.0	318564	2090.7015784741266	0.75
22731.745835167254	1200	13.171473638996213	0.0	561791	2800.8095953164743	0.75
22735.74926157293	1200	13.16804723332148	0.0	709534	4003.426405674733	1.2
22738.26643019032	1200	14.650878615932374	0.0	584846	2517.168617389107	1.2
22740.864076193317	1200	16.053232612935915	0.0	560821	2597.646002996459	1.2
22743.57655158605	1200	17.340757220204555	0.0	607410	2712.475392731358	1.2
22747.506075481127	1850	17.411233325128165	0.0	917428	3929.5238950763874	1.2000000000000002
22753.10782998763	1850	15.809478818626328	0.0	946851	5601.754506501838	1.85
22763.308535070413	1850	9.608773735845705	0.0	1036454	10200.705082780623	1.85
22768.627562108733	1200	8.289746697523025	0.0	526950	5319.02703832268	0.5499999999999999
22772.656659287884	750	8.260649518372785	0.0	366214	4029.0971791502398	0.3
22777.428906081455	750	7.488402724800973	0.0	360831	4772.246793571813	0.75
22779.462545646424	300	9.454763159833945	0.0	150616	2033.6395649670274	-0.15000000000000002
22781.74081887299	300	11.176489933270558	0.0	165384	2278.2732265633867	0.3
22784.04269775301	300	12.87461105324776	0.0	140881	2301.878880022798	0.3
22786.67290885121	300	14.244399955050612	0.0	157671	2630.2110981971473	0.3
22789.484629151193	300	15.43267965507004	0.0	157812	2811.7202999805727	0.3
22792.183352370557	300	16.733956435705213	0.0	163927	2698.7232193648238	0.3
22793.18672635868	300	19.730582447583537	0.0	137654	1003.3739881216796	0.3
22794.09475614829	300	22.82255265797073	0.0	146754	908.0297896128086	0.3
22796.347081226395	750	24.570227579867574	0.0	379700	2252.3250781031556	0.3
22799.058670973456	750	25.858637832805115	0.0	425781	2711.5897470624604	0.75
22802.227026664114	1200	26.690282142151748	0.0	487160	3168.355690653368	0.75
22806.393506811208	1200	26.523801995052775	0.0	622896	4166.480147098973	1.2
22809.80794637392	1200	27.10936243234183	0.0	641447	3414.439562710943	1.2
22812.676448549468	1200	28.24086025679579	0.0	570392	2868.502175546039	1.2
22815.488721339825	1200	29.428587466438373	0.0	620283	2812.272790357416	1.2
22818.05768350471	1200	30.859625301551468	0.0	584349	2568.9621648869074	1.2
22825.6749704896	2850	27.24233831666283	0.0	1587293	7617.286984888636	1.2000000000000002
22840.001100140544	2850	16.91620866571794	0.0	1492672	14326.129650944891	2.85
22848.311406287943	1200	12.605902518322631	0.0	598727	8310.306147395308	-0.44999999999999996
22853.53393927348	750	11.383369532783234	0.0	321064	5222.5329855393975	0.3
22858.383592010232	750	10.533716796029822	0.0	361565	4849.652736753412	0.75
22859.759209953772	300	13.158098852489955	0.0	144254	1375.6179435398653	-0.15000000000000002
22861.533119419764	300	15.384189386499255	0.0	149991	1773.9094659907005	0.3
22864.232327984082	300	16.684980822180357	0.0	147968	2699.2085643188957	0.3
22866.26678673091	300	18.650522075350963	0.0	161857	2034.4587468293944	0.3
22869.43958349644	750	19.477725309823313	0.0	372093	3172.79676552765	0.3
22872.851026125147	750	20.066282681115343	0.0	438281	3411.442628707968	0.75
22875.620437263005	750	21.296871543258014	0.0	398987	2769.41113785733	0.75
22878.572142844965	750	22.34516596129771	0.0	393804	2951.705581960305	0.75
22884.9594007104	1850	19.957908095861526	0.0	830730	6387.257865436182	0.75
22899.156361011177	2850	9.760947795085636	0.0	1364537	14196.96030077589	1.85

