4575.527855200758	750	4.0	7.947206251782381	450283	7947.2062517823815	-33.42298688266424
4578.2862477249255	300	5.241607475832228	0.0	155580	2758.392524167771	-0.15000000000000002
4581.453296366909	300	6.07455883384848	0.0	139857	3167.048641983749	0.3
4585.979175359393	300	5.548679841364558	0.0	155432	4525.878992483921	0.3
4588.693615378705	300	6.834239822051922	0.0	163442	2714.4400193126367	0.3
4591.234843787169	300	8.293011413587552	0.0	126289	2541.2284084643697	0.3
4594.476065230733	300	9.051789970024087	0.0	153295	3241.2214435634646	0.3
4597.860447374856	300	9.667407825900725	0.0	173849	3384.3821441233636	0.3
4600.6429286791545	300	10.88492652160276	0.0	150710	2782.481304297964	0.3
4604.058321898002	300	11.469533302755298	0.0	139105	3415.39321884746	0.3
4608.644184634732	300	10.883670566026595	0.0	141840	4585.862736728704	0.3
4612.927555955512	300	10.600299245246603	0.0	156148	4283.371320779992	0.3
4618.047757602256	300	9.48009759850249	0.0	160746	5120.2016467441135	0.3
4623.043207642222	300	8.484647558536341	0.0	179801	4995.4500399661465	0.3
4626.253114612818	300	9.274740587940252	0.0	140051	3209.9069705960896	0.3
4628.5451525137305	300	10.982702687027935	0.0	138313	2292.037900912317	0.3
4630.028714575773	300	13.499140624984948	0.0	143509	1483.5620620429872	0.3
4632.008759537391	300	15.51909566336796	0.0	150616	1980.0449616169876	0.3
4635.188783209165	300	16.339071991592878	0.0	165384	3180.0236717750818	0.3
4638.159822006868	300	17.36803319389052	0.0	140881	2971.0387977023593	0.3
4641.4257661913425	300	18.102089009415828	0.0	157671	3265.9441844746907	0.3
4644.481486594198	300	19.04636860655997	0.0	157812	3055.7204028558604	0.3
4647.189681935323	300	20.338173265434783	0.0	163927	2708.1953411251857	0.3
4648.8012201374695	300	22.726635063288555	0.0	137654	1611.5382021462294	0.3
4650.3420139364	300	25.1858412643585	0.0	146754	1540.793798930055	0.3
4651.820713288207	300	27.707141912550142	0.0	153938	1478.6993518083589	0.3
4655.740558068077	750	27.78729713268073	0.0	425781	3919.8447798694124	0.3
4658.434602122898	750	29.09325307786046	0.0	277716	2694.0440548202714	0.75
4666.152135128946	1200	25.37572007181203	0.0	622896	7717.533006048431	0.75
4674.128391490267	1200	21.399463710491325	0.0	641447	7976.256361320706	1.2
4682.717965053137	1200	16.80989014762089	0.0	570392	8589.573562870433	1.2
4686.851366044276	750	16.676489156483022	0.0	400322	4133.400991137871	0.3
4689.878420824022	750	17.649434376736863	0.0	369834	3027.054779746158	0.75
4694.537879616289	750	16.989975584470404	0.0	412837	4659.45879226646	0.75
4701.182960210314	750	14.344894990445129	0.0	401088	6645.080594025277	0.75
4705.706623405696	750	13.821231795063103	0.0	365161	4523.663195382027	0.75
4709.546572200286	750	13.981283000473049	0.0	321064	3839.948794590053	0.75
4712.968547187249	750	14.559308013510377	0.0	361565	3421.974986962672	0.75
4716.148687069506	750	15.379168131253413	0.0	378327	3180.139882256965	0.75
4718.81468920929	750	16.71316599147013	0.0	390680	2666.0021397832807	0.75
4721.5471185253045	750	17.980736675455603	0.0	345516	2732.429316014528	0.75
4728.304263341794	750	15.223591858966662	0.0	384505	6757.144816488941	0.75
4735.972895932503	750	11.554959268257669	0.0	372093	7668.632590708992	0.75
4745.094070606483	750	6.433784594277224	0.0	438281	9121.174673980446	0.75
4748.65318381155	300	6.874671389210564	0.0	167025	3559.1132050666592	-0.15000000000000002
4751.498203611771	300	8.029651588989534	0.0	160064	2845.01980022103	0.3
4754.324676146349	300	9.203179054410924	0.0	137507	2826.4725345786096	0.3
4757.290439198274	300	10.237416002485832	0.0	118421	2965.7630519250915	0.3

