21598.429470977146	750	4.0	3.383176362969059	450283	3383.176362969059	-13.797658360766953
21600.554802914347	300	5.874668062799087	0.0	155580	2125.331937200913	-0.15000000000000002
21602.895045962592	300	7.534425014556251	0.0	139857	2340.2430482428354	0.3
21604.723091711283	300	9.706379265862852	0.0	155432	1828.0457486933983	0.3
21605.923289377075	300	12.506181600070137	0.0	163442	1200.1976657927155	0.3
21606.922285960587	300	15.507185016555857	0.0	126289	998.9965835142789	0.3
21608.078489840216	300	18.350981136927512	0.0	153295	1156.203879628345	0.3
21609.291265097294	300	21.138205879850872	0.0	173849	1212.7752570766388	0.3
21613.867717151443	1200	20.56175382570067	0.0	584846	4576.452054150202	0.29999999999999993
21618.55902317614	1200	19.870447801005422	0.0	560821	4691.306024695247	1.2
21626.31829149732	1200	16.111179479825346	0.0	607410	7759.268321180077	1.2
21631.58703818607	1200	14.842432791074955	0.0	594078	5268.746688750391	1.2
21634.300359518307	750	16.129111458837194	0.0	386351	2713.321332237763	0.3
21637.145680353842	750	17.28379062330338	0.0	434409	2845.3208355338143	0.75
21639.577701811202	750	18.851769165945964	0.0	337059	2432.0214573574162	0.75
21642.45229190185	750	19.977179075299347	0.0	366214	2874.590090646614	0.75
21647.294246761	1200	19.135224216146963	0.0	617242	4841.954859152386	0.75
21650.761394755853	1200	19.66807622129579	0.0	581493	3467.14799485117	1.2
21657.53714774551	1850	16.892323231637473	0.0	987708	6775.752989658318	1.2000000000000002
21663.735287769767	1850	14.694183207378272	0.0	923755	6198.140024259203	1.85
21670.170437202716	1850	12.25903377443392	0.0	891604	6435.149432944353	1.85
21679.144028733896	1850	7.285442243254002	0.0	955231	8973.591531179918	1.85
21685.15728593594	1200	5.272185041207192	0.0	656471	6013.25720204681	0.5499999999999999
21690.277756721967	750	4.1517142551832	0.0	343800	5120.470786023991	0.3
21691.505270838003	300	6.924200139143792	0.0	146754	1227.5141160394076	-0.15000000000000002
21692.67683106883	300	9.752639908315897	0.0	153938	1171.5602308278947	0.3
21694.047295938355	300	12.382175038792546	0.0	181901	1370.4648695233514	0.3
21694.861930934985	300	15.56754004216292	0.0	111155	814.6349966296256	0.3
21695.921536470596	300	18.50793450655123	0.0	153605	1059.6055356116908	0.3
21699.164343878638	750	19.265127098510245	0.0	400508	3242.8074080409842	0.3
21702.06836676386	750	20.361104213286847	0.0	358218	2904.022885223397	0.75
21705.515154481454	750	20.914316495689476	0.0	400322	3446.7877175973695	0.75
21710.06095251104	750	20.36851846610413	0.0	369834	4545.798029585346	0.75
21715.555237350225	750	18.87423362692124	0.0	412837	5494.28483918289	0.75
21718.450995061045	750	19.978475916104124	0.0	401088	2895.7577108171154	0.75
21720.95836728036	750	21.471103696787306	0.0	365161	2507.3722193168155	0.75
21723.079746514133	750	23.349724463012638	0.0	321064	2121.3792337746727	0.75
21725.593863278824	750	24.83560769832166	0.0	361565	2514.116764690978	0.75
21730.565956579587	1200	23.863514397557783	0.0	605884	4972.093300763879	0.75
21734.559940544794	1200	23.869530432351517	0.0	587506	3993.983965206266	1.2
21738.083195776395	1200	24.346275200751347	0.0	566904	3523.2552316001666	1.2
21742.526647020684	1200	23.902823956464147	0.0	641452	4443.4512442872	1.2
21746.49567185282	1200	23.933799124326946	0.0	599477	3969.024832137203	1.2
21750.955016588214	1200	23.474454388930315	0.0	634861	4459.344735396631	1.2
21758.017382722694	1850	20.41208825444979	0.0	958994	7062.366134480527	1.2000000000000002
21772.418932935707	2850	10.010538041435975	0.0	1483527	14401.550213013816	1.85
21780.546466660227	1850	5.883004316917294	0.0	830730	8127.533724518681	0.8500000000000001
21784.696503896044	1200	5.732967081103278	0.0	550906	4150.037235814016	0.5499999999999999

