2301.1343155178256	750	4.0	2.4304790559882594	450283	2430.4790559882595	-9.701059940749515
2303.9810789634466	750	5.153236554379288	0.0	398865	2846.763445620712	0.75
2306.2525933206434	750	6.88172219718222	0.0	350812	2271.514357197067	0.75
2308.567599937887	750	8.566715579938998	0.0	382355	2315.0066172432216	0.75
2311.064240768148	750	10.070074749678064	0.0	411561	2496.640830260935	0.75
2313.8211287338277	750	11.313186783998548	0.0	318564	2756.8879656795157	0.75
2317.2784415102587	750	11.855874007567367	0.0	352642	3457.3127764311803	0.75
2320.3677525666485	750	12.766562951177383	0.0	437162	3089.311056389985	0.75
2325.394278317114	750	11.740037200711646	0.0	374758	5026.525750465737	0.75
2332.704048827521	750	8.430266690304897	0.0	362795	7309.770510406748	0.75
2336.4524157074325	300	8.681899810393448	0.0	141840	3748.3668799114494	-0.15000000000000002
2339.4598767093507	300	9.674438808475308	0.0	156148	3007.4610019181396	0.3
2343.1961723805716	300	9.938143137254578	0.0	160746	3736.295671220731	0.3
2347.589118209333	300	9.54519730849373	0.0	179801	4392.945828760846	0.3
2350.3914494385795	300	10.74286607924684	0.0	140051	2802.331229246891	0.3
2352.0751535449713	300	13.059161972854897	0.0	138313	1683.7041063919442	0.3
2353.4307871541055	300	15.703528363720805	0.0	143509	1355.6336091340909	0.3
2355.2671681555466	300	17.867147362279628	0.0	150616	1836.381001441175	0.3
2357.715465182452	300	19.418850335374394	0.0	165384	2448.297026905236	0.3
2359.0596940407354	300	22.074621477091007	0.0	140881	1344.2288582833846	0.3
2361.9246371352656	750	23.20967838256073	0.0	386472	2864.9430945302825	0.3
2367.3353986355405	750	21.7989168822856	0.0	399894	5410.761500275127	0.75
2370.0395121460356	750	23.09480337179064	0.0	401853	2704.1135104949617	0.75
2371.7282062492777	750	25.406109268548583	0.0	343800	1688.6941032420586	0.75
2375.20073702462	1200	25.93357849320586	0.0	587236	3472.5307753427214	0.75
2377.8040073302623	1200	27.330308187564082	0.0	590335	2603.270305641777	1.2
2381.3923381893446	1200	27.74197732848112	0.0	696376	3588.330859082963	1.2
2384.3379156952815	1850	28.796399822544373	0.0	758197	2945.5775059367497	1.2000000000000002
2388.291608318925	1850	28.842707198901316	0.0	972798	3953.692623643054	1.85
2392.255791245928	1850	28.878524271898204	0.0	975811	3964.1829270031135	1.85
2396.886597935924	1850	28.24771758190228	0.0	873429	4630.806689995926	1.85
2403.8620567404478	2850	25.27225877737805	0.0	1497683	6975.458804524228	1.85
2417.198989230233	2850	15.935326287592842	0.0	1358081	13336.93248978521	2.85
2423.9952119922827	1200	13.139103525543312	0.0	670129	6796.22276204953	-0.44999999999999996
2428.9673732962683	750	12.166942221558065	0.0	401088	4972.161303985247	0.3
2430.9223001101027	750	14.212015407723879	0.0	365161	1954.9268138341863	0.75
2432.6569144555683	750	16.47740106225808	0.0	321064	1734.6143454657943	0.75
2434.695729596278	750	18.438585921548487	0.0	361565	2038.8151407095952	0.75
2437.039085930895	750	20.09522958693165	0.0	378327	2343.356334616837	0.75
2439.6706770678325	750	21.46363844999404	0.0	390680	2631.5911369376104	0.75
2444.8636650929548	1200	20.270650424871818	0.0	566904	5192.988025122222	0.75
2447.717225098055	1200	21.41709041977128	0.0	641452	2853.5600051005367	1.2
2452.3601282710115	1200	20.77418724681512	0.0	599477	4642.903172956161	1.2
2457.765895420623	1200	19.36842009720351	0.0	634861	5405.767149611608	1.2
2462.797532426733	1200	18.336783091093537	0.0	630203	5031.6370061099715	1.2
2467.574822622017	1200	17.559492895809548	0.0	638661	4777.290195283989	1.2
2476.299465449082	2850	12.834850068744414	0.0	1231456	8724.642827065134	1.2000000000000002
2485.2652201330084	2850	7.8690953848182	0.0	1364537	8965.754683926214	2.85

